56.000000
52.000000
19.000000
19.000000
30.000000
31.999993
49.000000
57.000000
45.000000
58.000000
53.000000
91.000000
129.000000
103.999999
19.000000
70.000000
63.000000
60.000000
84.000000
29.000000
74.000000
47.000000
43.000007
31.000000
17.000000
31.000000
33.000000
24.000000
10.000001
9.000000
10.000000
12.000000
10.000000
10.000000
11.000000
9.000000
15.000000
10.000000
12.000000
10.000000
12.000000
11.000000
9.000000
11.000000
12.000000
10.000000
10.000000
11.000000
8.000000
10.000000
9.000000
