8.000000
2.000000
6.000000
2.000000
1.000000
2.000000
4.000000
11.000000
5.000000
28.000000
3.000000
39.000000
3.000000
3.000000
6.000000
2.000000
2.000000
2.000000
1.000000
9.000000
3.000000
2.000000
4.000000
2.000000
2.000000
3.000000
7.000000
4.000000
3.000000
6.000000
2.000000
3.000000
4.000000
2.000000
2.000000
2.000000
84.000000
3.000000
2.000000
3.000000
2.000000
3.000000
6.000000
2.000000
5.000000
21.000000
3.000000
2.000000
2.000000
4.000000
2.000000
2.000000
9.000000
24.000000
2.000000
7.000000
25.000000
4.000000
2.000000
2.000000
4.000000
38.000000
3.000000
2.000000
3.000000
3.000000
9.000000
0.000000
3.000000
3.000000
4.000000
12.000000
2.000000
17.000000
4.000000
9.000000
0.000000
0.000000
2.000000
0.000000
0.000000
0.000000
4.000000
26.000000
3.000000
0.000000
24.000000
3.000000
3.000000
0.000000
2.000000
13.000000
3.000000
51.000000
36.000000
9.000000
2.000000
3.000000
3.000000
3.000000
5.000000
3.000000
4.000000
3.000000
3.000000
2.000000
