Scenario 0
Period 13
106 	 7.000000 	 31.000000
107 	 7.000000 	 31.000000
108 	 1.000000 	 8.000000
109 	 1.000000 	 8.000000
110 	 3.000000 	 15.000000
111 	 2.000000 	 15.000000
112 	 7.000000 	 31.000000
113 	 8.000000 	 31.000000
114 	 5.000000 	 23.000000
115 	 5.000000 	 31.000000
116 	 8.000000 	 31.000000
117 	 7.000000 	 61.000000
118 	 -6.000000 	 77.000000
119 	 8.000000 	 61.000000
120 	 1.000000 	 8.000000
121 	 6.000001 	 38.000000
122 	 4.000000 	 31.000000
123 	 4.000000 	 31.000000
124 	 5.000000 	 46.000000
125 	 3.000000 	 15.000000
126 	 8.999999 	 38.000000
127 	 3.000000 	 23.000000
128 	 4.000000 	 23.000000
129 	 3.000000 	 15.000000
130 	 2.000000 	 8.000000
131 	 3.000000 	 15.000000
132 	 2.000000 	 15.000000
133 	 0.000000 	 8.000000
134 	 -2.000000 	 0.000000
135 	 -2.000000 	 0.000000
136 	 -3.000000 	 0.000000
137 	 -1.000000 	 0.000000
138 	 -2.000000 	 0.000000
139 	 -1.000000 	 0.000000
140 	 -2.000000 	 0.000000
141 	 -2.000000 	 0.000000
142 	 -1.000000 	 0.000000
143 	 -2.000000 	 0.000000
144 	 -2.000000 	 0.000000
145 	 -2.000000 	 0.000000
146 	 -1.000000 	 0.000000
147 	 -1.000000 	 0.000000
148 	 -2.000000 	 0.000000
149 	 -2.000000 	 0.000000
150 	 -3.000000 	 0.000000
151 	 -1.000000 	 0.000000
152 	 -2.000000 	 0.000000
153 	 -2.000000 	 0.000000
154 	 -2.000000 	 0.000000
155 	 -1.000000 	 0.000000
156 	 -3.000000 	 0.000000
Period 14
106 	 9.000000 	 33.000000
107 	 9.000000 	 33.000000
108 	 1.000000 	 8.000000
109 	 1.000000 	 8.000000
110 	 5.000000 	 17.000000
111 	 4.000000 	 17.000000
112 	 9.000000 	 33.000000
113 	 10.000000 	 33.000000
114 	 7.000000 	 25.000000
115 	 7.000000 	 33.000000
116 	 10.000000 	 33.000000
117 	 13.000000 	 67.000000
118 	 0.000000 	 83.000000
119 	 14.000000 	 67.000000
120 	 1.000000 	 8.000000
121 	 10.000000 	 42.000000
122 	 6.000000 	 33.000000
123 	 6.000000 	 33.000000
124 	 9.000000 	 50.000000
125 	 5.000000 	 17.000000
126 	 12.999999 	 42.000000
127 	 5.000000 	 25.000000
128 	 6.000000 	 25.000000
129 	 5.000000 	 17.000000
130 	 2.000000 	 8.000000
131 	 5.000000 	 17.000000
132 	 4.000000 	 17.000000
133 	 0.000000 	 8.000000
134 	 -2.000000 	 0.000000
135 	 -2.000000 	 0.000000
136 	 -3.000000 	 0.000000
137 	 -1.000000 	 0.000000
138 	 -2.000000 	 0.000000
139 	 -1.000000 	 0.000000
140 	 -2.000000 	 0.000000
141 	 -2.000000 	 0.000000
142 	 -1.000000 	 0.000000
143 	 -1.000000 	 0.000000
144 	 -2.000000 	 0.000000
145 	 -2.000000 	 0.000000
146 	 -1.000000 	 0.000000
147 	 -1.000000 	 0.000000
148 	 -2.000000 	 0.000000
149 	 -2.000000 	 0.000000
150 	 -3.000000 	 0.000000
151 	 -1.000000 	 0.000000
152 	 -2.000000 	 0.000000
153 	 -2.000000 	 0.000000
154 	 -2.000000 	 0.000000
155 	 -1.000000 	 0.000000
156 	 -2.000000 	 0.000000
Period 15
106 	 11.999999 	 38.000000
107 	 14.000000 	 38.000000
108 	 2.000000 	 9.000000
109 	 2.000000 	 9.000000
110 	 7.000000 	 19.000000
111 	 6.000000 	 19.000000
112 	 14.000000 	 38.000000
113 	 15.000000 	 38.000000
114 	 10.000000 	 28.000000
115 	 12.000000 	 38.000000
116 	 15.000000 	 38.000000
117 	 21.000000 	 75.000000
118 	 11.000000 	 94.000000
119 	 22.000000 	 75.000000
120 	 2.000000 	 9.000000
121 	 15.000000 	 47.000000
122 	 11.000000 	 38.000000
123 	 11.000000 	 38.000000
124 	 16.000000 	 57.000000
125 	 7.000000 	 19.000000
126 	 14.000000 	 47.000000
127 	 8.000000 	 28.000000
128 	 9.000000 	 28.000000
129 	 7.000000 	 19.000000
130 	 3.000000 	 9.000000
131 	 7.000000 	 19.000000
132 	 6.000000 	 19.000000
133 	 1.000000 	 9.000000
134 	 -2.000000 	 0.000000
135 	 -2.000000 	 0.000000
136 	 -3.000000 	 0.000000
137 	 -1.000000 	 0.000000
138 	 -2.000000 	 0.000000
139 	 -1.000000 	 0.000000
140 	 -2.000000 	 0.000000
141 	 -2.000000 	 0.000000
142 	 -1.000000 	 0.000000
143 	 -1.000000 	 0.000000
144 	 -2.000000 	 0.000000
145 	 -2.000000 	 0.000000
146 	 -1.000000 	 0.000000
147 	 -1.000000 	 0.000000
148 	 -2.000000 	 0.000000
149 	 -2.000000 	 0.000000
150 	 -3.000000 	 0.000000
151 	 -1.000000 	 0.000000
152 	 -2.000000 	 0.000000
153 	 -2.000000 	 0.000000
154 	 -2.000000 	 0.000000
155 	 -1.000000 	 0.000000
156 	 -2.000000 	 0.000000
Period 16
106 	 14.000001 	 42.000000
107 	 18.000000 	 42.000000
108 	 3.000000 	 10.000000
109 	 3.000000 	 10.000000
110 	 9.000000 	 21.000000
111 	 8.000000 	 21.000000
112 	 18.000000 	 42.000000
113 	 19.000000 	 42.000000
114 	 14.000000 	 32.000000
115 	 16.000000 	 42.000000
116 	 19.000000 	 42.000000
117 	 30.000000 	 84.000000
118 	 22.000000 	 105.000000
119 	 31.000000 	 84.000000
120 	 3.000000 	 10.000000
121 	 20.000000 	 52.000000
122 	 15.000000 	 42.000000
123 	 15.000000 	 42.000000
124 	 22.000000 	 63.000000
125 	 9.000000 	 21.000000
126 	 18.999998 	 52.000000
127 	 12.000000 	 32.000000
128 	 13.000000 	 32.000000
129 	 9.000000 	 21.000000
130 	 4.000000 	 10.000000
131 	 9.000000 	 21.000000
132 	 8.000000 	 21.000000
133 	 2.000000 	 10.000000
134 	 -2.000000 	 0.000000
135 	 -2.000000 	 0.000000
136 	 -3.000000 	 0.000000
137 	 -1.000000 	 0.000000
138 	 -2.000000 	 0.000000
139 	 -1.000000 	 0.000000
140 	 -2.000000 	 0.000000
141 	 -2.000000 	 0.000000
142 	 -1.000000 	 0.000000
143 	 -1.000000 	 0.000000
144 	 -2.000000 	 0.000000
145 	 -2.000000 	 0.000000
146 	 -1.000000 	 0.000000
147 	 -1.000000 	 0.000000
148 	 -2.000000 	 0.000000
149 	 -2.000000 	 0.000000
150 	 -3.000000 	 0.000000
151 	 -1.000000 	 0.000000
152 	 -2.000000 	 0.000000
153 	 -2.000000 	 0.000000
154 	 -2.000000 	 0.000000
155 	 -1.000000 	 0.000000
156 	 -2.000000 	 0.000000
Scenario 1
Period 13
106 	 17.000000 	 41.000000
107 	 13.000000 	 37.000000
108 	 2.000000 	 9.000000
109 	 3.000000 	 10.000000
110 	 6.000000 	 18.000000
111 	 7.000000 	 20.000000
112 	 11.000000 	 35.000000
113 	 14.000000 	 37.000000
114 	 11.000000 	 29.000000
115 	 17.000000 	 43.000000
116 	 15.000000 	 38.000000
117 	 14.000000 	 68.000000
118 	 19.000000 	 102.000000
119 	 24.000000 	 77.000000
120 	 2.000000 	 9.000000
121 	 20.000001 	 52.000000
122 	 17.000000 	 44.000000
123 	 15.000000 	 42.000000
124 	 22.000000 	 63.000000
125 	 5.000000 	 17.000000
126 	 20.999999 	 50.000000
127 	 12.000000 	 32.000000
128 	 11.000000 	 30.000000
129 	 6.000000 	 18.000000
130 	 2.000000 	 8.000000
131 	 6.000000 	 18.000000
132 	 6.000000 	 19.000000
133 	 3.000000 	 11.000000
134 	 0.000000 	 2.000000
135 	 -1.000000 	 1.000000
136 	 -3.000000 	 0.000000
137 	 -1.000000 	 0.000000
138 	 -1.000000 	 1.000000
139 	 1.000000 	 2.000000
140 	 -1.000000 	 1.000000
141 	 -1.000000 	 1.000000
142 	 -1.000000 	 0.000000
143 	 0.000000 	 2.000000
144 	 -1.000000 	 1.000000
145 	 -2.000000 	 0.000000
146 	 -1.000000 	 0.000000
147 	 0.000000 	 1.000000
148 	 -1.000000 	 1.000000
149 	 0.000000 	 2.000000
150 	 -3.000000 	 0.000000
151 	 1.000000 	 2.000000
152 	 0.000000 	 2.000000
153 	 -1.000000 	 1.000000
154 	 0.000000 	 2.000000
155 	 -1.000000 	 0.000000
156 	 -3.000000 	 0.000000
Period 14
106 	 20.000000 	 44.000000
107 	 15.000000 	 39.000000
108 	 2.000000 	 9.000000
109 	 3.000000 	 10.000000
110 	 8.000000 	 20.000000
111 	 10.000000 	 23.000000
112 	 13.000000 	 37.000000
113 	 17.000000 	 40.000000
114 	 13.000000 	 31.000000
115 	 20.000000 	 46.000000
116 	 17.000000 	 40.000000
117 	 21.000000 	 75.000000
118 	 27.000000 	 110.000000
119 	 31.000000 	 84.000000
120 	 2.000000 	 9.000000
121 	 26.000000 	 58.000000
122 	 20.000000 	 47.000000
123 	 17.000000 	 44.000000
124 	 28.000000 	 69.000000
125 	 7.000000 	 19.000000
126 	 25.999999 	 55.000000
127 	 14.000000 	 34.000000
128 	 13.000000 	 32.000000
129 	 8.000000 	 20.000000
130 	 2.000000 	 8.000000
131 	 8.000000 	 20.000000
132 	 8.000000 	 21.000000
133 	 3.000000 	 11.000000
134 	 -2.000000 	 0.000000
135 	 -2.000000 	 0.000000
136 	 -3.000000 	 0.000000
137 	 1.000000 	 2.000000
138 	 -2.000000 	 0.000000
139 	 0.000000 	 1.000000
140 	 -2.000000 	 0.000000
141 	 -2.000000 	 0.000000
142 	 -1.000000 	 0.000000
143 	 -1.000000 	 0.000000
144 	 -1.000000 	 1.000000
145 	 -1.000000 	 1.000000
146 	 1.000000 	 2.000000
147 	 -1.000000 	 0.000000
148 	 -2.000000 	 0.000000
149 	 -1.000000 	 1.000000
150 	 -1.000000 	 2.000000
151 	 0.000000 	 1.000000
152 	 -1.000000 	 1.000000
153 	 0.000000 	 2.000000
154 	 0.000000 	 2.000000
155 	 0.000000 	 1.000000
156 	 -1.000000 	 1.000000
Period 15
106 	 23.999999 	 50.000000
107 	 21.000000 	 45.000000
108 	 3.000000 	 10.000000
109 	 4.000000 	 11.000000
110 	 10.000000 	 22.000000
111 	 12.000000 	 25.000000
112 	 19.000000 	 43.000000
113 	 23.000000 	 46.000000
114 	 17.000000 	 35.000000
115 	 26.000000 	 52.000000
116 	 23.000000 	 46.000000
117 	 30.000000 	 84.000000
118 	 41.000000 	 124.000000
119 	 41.000000 	 94.000000
120 	 3.000000 	 10.000000
121 	 33.000000 	 65.000000
122 	 27.000000 	 54.000000
123 	 24.000000 	 51.000000
124 	 38.000000 	 79.000000
125 	 9.000000 	 21.000000
126 	 29.000000 	 62.000000
127 	 19.000000 	 39.000000
128 	 17.000000 	 36.000000
129 	 11.000000 	 23.000000
130 	 3.000000 	 9.000000
131 	 10.000000 	 22.000000
132 	 11.000000 	 24.000000
133 	 4.000000 	 12.000000
134 	 0.000000 	 2.000000
135 	 -2.000000 	 0.000000
136 	 -1.000000 	 2.000000
137 	 -1.000000 	 0.000000
138 	 -2.000000 	 0.000000
139 	 1.000000 	 2.000000
140 	 0.000000 	 2.000000
141 	 -2.000000 	 0.000000
142 	 1.000000 	 2.000000
143 	 -1.000000 	 0.000000
144 	 -2.000000 	 0.000000
145 	 0.000000 	 2.000000
146 	 1.000000 	 2.000000
147 	 1.000000 	 2.000000
148 	 -2.000000 	 0.000000
149 	 -2.000000 	 0.000000
150 	 -2.000000 	 1.000000
151 	 -1.000000 	 0.000000
152 	 -1.000000 	 1.000000
153 	 0.000000 	 2.000000
154 	 0.000000 	 2.000000
155 	 -1.000000 	 0.000000
156 	 -2.000000 	 0.000000
Period 16
106 	 27.000001 	 55.000000
107 	 26.000000 	 50.000000
108 	 4.000000 	 11.000000
109 	 5.000000 	 12.000000
110 	 13.000000 	 25.000000
111 	 15.000000 	 28.000000
112 	 23.000000 	 47.000000
113 	 27.000000 	 50.000000
114 	 22.000000 	 40.000000
115 	 32.000000 	 58.000000
116 	 28.000000 	 51.000000
117 	 40.000000 	 94.000000
118 	 56.000000 	 139.000000
119 	 53.000000 	 106.000000
120 	 4.000000 	 11.000000
121 	 40.000000 	 72.000000
122 	 32.000000 	 59.000000
123 	 29.000000 	 56.000000
124 	 46.000000 	 87.000000
125 	 12.000000 	 24.000000
126 	 34.999998 	 68.000000
127 	 24.000000 	 44.000000
128 	 22.000000 	 41.000000
129 	 13.000000 	 25.000000
130 	 4.000000 	 10.000000
131 	 13.000000 	 25.000000
132 	 13.000000 	 26.000000
133 	 6.000000 	 14.000000
134 	 -1.000000 	 1.000000
135 	 0.000000 	 2.000000
136 	 -3.000000 	 0.000000
137 	 1.000000 	 2.000000
138 	 -1.000000 	 1.000000
139 	 1.000000 	 2.000000
140 	 0.000000 	 2.000000
141 	 0.000000 	 2.000000
142 	 -1.000000 	 0.000000
143 	 1.000000 	 2.000000
144 	 -2.000000 	 0.000000
145 	 -1.000000 	 1.000000
146 	 1.000000 	 2.000000
147 	 -1.000000 	 0.000000
148 	 -2.000000 	 0.000000
149 	 -2.000000 	 0.000000
150 	 -1.000000 	 2.000000
151 	 1.000000 	 2.000000
152 	 0.000000 	 2.000000
153 	 -1.000000 	 1.000000
154 	 0.000000 	 2.000000
155 	 -1.000000 	 0.000000
156 	 -2.000000 	 0.000000
Scenario 2
Period 13
106 	 7.000000 	 31.000000
107 	 -1.000000 	 23.000000
108 	 -1.000000 	 6.000000
109 	 1.000000 	 8.000000
110 	 0.000000 	 12.000000
111 	 0.000000 	 13.000000
112 	 -8.000000 	 16.000000
113 	 -1.000000 	 22.000000
114 	 2.000000 	 20.000000
115 	 -6.000000 	 20.000000
116 	 0.000000 	 23.000000
117 	 -2.000000 	 52.000000
118 	 -34.000000 	 49.000000
119 	 -19.000000 	 34.000000
120 	 1.000000 	 8.000000
121 	 0.000001 	 32.000000
122 	 -1.000000 	 26.000000
123 	 -2.000000 	 25.000000
124 	 -6.000000 	 35.000000
125 	 -1.000000 	 11.000000
126 	 5.999999 	 35.000000
127 	 3.000000 	 23.000000
128 	 -2.000000 	 17.000000
129 	 0.000000 	 12.000000
130 	 -1.000000 	 5.000000
131 	 -3.000000 	 9.000000
132 	 -5.000000 	 8.000000
133 	 -1.000000 	 7.000000
134 	 -1.000000 	 1.000000
135 	 -2.000000 	 0.000000
136 	 -1.000000 	 2.000000
137 	 -1.000000 	 0.000000
138 	 -1.000000 	 1.000000
139 	 1.000000 	 2.000000
140 	 -2.000000 	 0.000000
141 	 -1.000000 	 1.000000
142 	 0.000000 	 1.000000
143 	 -2.000000 	 0.000000
144 	 -2.000000 	 0.000000
145 	 0.000000 	 2.000000
146 	 -1.000000 	 0.000000
147 	 -1.000000 	 0.000000
148 	 0.000000 	 2.000000
149 	 -2.000000 	 0.000000
150 	 -1.000000 	 2.000000
151 	 1.000000 	 2.000000
152 	 -1.000000 	 1.000000
153 	 -1.000000 	 1.000000
154 	 0.000000 	 2.000000
155 	 1.000000 	 2.000000
156 	 -1.000000 	 2.000000
Period 14
106 	 9.000000 	 33.000000
107 	 0.000000 	 24.000000
108 	 -1.000000 	 6.000000
109 	 1.000000 	 8.000000
110 	 2.000000 	 14.000000
111 	 2.000000 	 15.000000
112 	 -7.000000 	 17.000000
113 	 1.000000 	 24.000000
114 	 4.000000 	 22.000000
115 	 -5.000000 	 21.000000
116 	 1.000000 	 24.000000
117 	 4.000000 	 58.000000
118 	 -31.000000 	 52.000000
119 	 -16.000000 	 37.000000
120 	 1.000000 	 8.000000
121 	 4.000000 	 36.000000
122 	 1.000000 	 28.000000
123 	 0.000000 	 27.000000
124 	 -3.000000 	 38.000000
125 	 0.000000 	 12.000000
126 	 9.999999 	 39.000000
127 	 5.000000 	 25.000000
128 	 0.000000 	 19.000000
129 	 2.000000 	 14.000000
130 	 -1.000000 	 5.000000
131 	 -2.000000 	 10.000000
132 	 -3.000000 	 10.000000
133 	 -1.000000 	 7.000000
134 	 0.000000 	 2.000000
135 	 -1.000000 	 1.000000
136 	 -1.000000 	 2.000000
137 	 0.000000 	 1.000000
138 	 -1.000000 	 1.000000
139 	 0.000000 	 1.000000
140 	 -1.000000 	 1.000000
141 	 -1.000000 	 1.000000
142 	 1.000000 	 2.000000
143 	 -1.000000 	 0.000000
144 	 0.000000 	 2.000000
145 	 -2.000000 	 0.000000
146 	 -1.000000 	 0.000000
147 	 1.000000 	 2.000000
148 	 -1.000000 	 1.000000
149 	 -2.000000 	 0.000000
150 	 -1.000000 	 2.000000
151 	 0.000000 	 1.000000
152 	 -2.000000 	 0.000000
153 	 -2.000000 	 0.000000
154 	 0.000000 	 2.000000
155 	 0.000000 	 1.000000
156 	 -2.000000 	 0.000000
Period 15
106 	 11.999999 	 38.000000
107 	 4.000000 	 28.000000
108 	 0.000000 	 7.000000
109 	 2.000000 	 9.000000
110 	 3.000000 	 15.000000
111 	 3.000000 	 16.000000
112 	 -5.000000 	 19.000000
113 	 4.000000 	 27.000000
114 	 7.000000 	 25.000000
115 	 -2.000000 	 24.000000
116 	 5.000000 	 28.000000
117 	 10.000000 	 64.000000
118 	 -24.000000 	 59.000000
119 	 -12.000000 	 41.000000
120 	 2.000000 	 9.000000
121 	 8.000000 	 40.000000
122 	 5.000000 	 32.000000
123 	 4.000000 	 31.000000
124 	 2.000000 	 43.000000
125 	 1.000000 	 13.000000
126 	 11.000000 	 44.000000
127 	 8.000000 	 28.000000
128 	 2.000000 	 21.000000
129 	 4.000000 	 16.000000
130 	 0.000000 	 6.000000
131 	 -1.000000 	 11.000000
132 	 -2.000000 	 11.000000
133 	 0.000000 	 8.000000
134 	 0.000000 	 2.000000
135 	 -1.000000 	 1.000000
136 	 -2.000000 	 1.000000
137 	 0.000000 	 1.000000
138 	 -1.000000 	 1.000000
139 	 0.000000 	 1.000000
140 	 0.000000 	 2.000000
141 	 -1.000000 	 1.000000
142 	 -1.000000 	 0.000000
143 	 1.000000 	 2.000000
144 	 0.000000 	 2.000000
145 	 -2.000000 	 0.000000
146 	 1.000000 	 2.000000
147 	 0.000000 	 1.000000
148 	 -1.000000 	 1.000000
149 	 -2.000000 	 0.000000
150 	 -1.000000 	 2.000000
151 	 0.000000 	 1.000000
152 	 -2.000000 	 0.000000
153 	 -2.000000 	 0.000000
154 	 -2.000000 	 0.000000
155 	 -1.000000 	 0.000000
156 	 0.000000 	 2.000000
Period 16
106 	 14.000001 	 42.000000
107 	 7.000000 	 31.000000
108 	 1.000000 	 8.000000
109 	 3.000000 	 10.000000
110 	 5.000000 	 17.000000
111 	 5.000000 	 18.000000
112 	 -3.000000 	 21.000000
113 	 7.000000 	 30.000000
114 	 10.000000 	 28.000000
115 	 1.000000 	 27.000000
116 	 8.000000 	 31.000000
117 	 18.000000 	 72.000000
118 	 -17.000000 	 66.000000
119 	 -7.000000 	 46.000000
120 	 3.000000 	 10.000000
121 	 12.000000 	 44.000000
122 	 8.000000 	 35.000000
123 	 7.000000 	 34.000000
124 	 7.000000 	 48.000000
125 	 3.000000 	 15.000000
126 	 14.999998 	 48.000000
127 	 12.000000 	 32.000000
128 	 5.000000 	 24.000000
129 	 5.000000 	 17.000000
130 	 1.000000 	 7.000000
131 	 0.000000 	 12.000000
132 	 -1.000000 	 12.000000
133 	 1.000000 	 9.000000
134 	 -2.000000 	 0.000000
135 	 0.000000 	 2.000000
136 	 -3.000000 	 0.000000
137 	 1.000000 	 2.000000
138 	 -2.000000 	 0.000000
139 	 -1.000000 	 0.000000
140 	 -2.000000 	 0.000000
141 	 0.000000 	 2.000000
142 	 -1.000000 	 0.000000
143 	 0.000000 	 1.000000
144 	 -2.000000 	 0.000000
145 	 -1.000000 	 1.000000
146 	 -1.000000 	 0.000000
147 	 0.000000 	 1.000000
148 	 0.000000 	 2.000000
149 	 -2.000000 	 0.000000
150 	 -3.000000 	 0.000000
151 	 -1.000000 	 0.000000
152 	 -1.000000 	 1.000000
153 	 -1.000000 	 1.000000
154 	 0.000000 	 2.000000
155 	 1.000000 	 2.000000
156 	 -1.000000 	 1.000000
