Scenario 0
Period 28
106 	 0.000000 	 60.000000
107 	 22.000000 	 60.000000
108 	 3.000000 	 15.000000
109 	 3.000000 	 15.000000
110 	 6.000000 	 30.000000
111 	 5.000000 	 30.000000
112 	 33.000000 	 60.000000
113 	 23.000000 	 60.000000
114 	 8.000000 	 45.000000
115 	 22.000000 	 60.000000
116 	 18.000000 	 60.000000
117 	 30.000000 	 120.000000
118 	 55.000000 	 150.000000
119 	 34.000000 	 120.000000
120 	 0.000000 	 15.000000
121 	 19.000000 	 75.000000
122 	 17.000000 	 60.000000
123 	 11.000000 	 60.000000
124 	 30.000000 	 90.000000
125 	 12.000000 	 30.000000
126 	 14.000000 	 75.000000
127 	 9.000000 	 45.000000
128 	 14.000000 	 45.000000
129 	 7.000000 	 30.000000
130 	 5.000000 	 15.000000
131 	 13.000000 	 30.000000
132 	 9.000000 	 30.000000
133 	 2.000000 	 15.000000
134 	 -2.000000 	 0.000000
135 	 -1.000000 	 0.000000
136 	 -1.000000 	 0.000000
137 	 -1.000000 	 0.000000
138 	 -2.000000 	 0.000000
139 	 -1.000000 	 0.000000
140 	 -2.000000 	 0.000000
141 	 -2.000000 	 0.000000
142 	 -1.000000 	 0.000000
143 	 -2.000000 	 0.000000
144 	 -1.000000 	 0.000000
145 	 -1.000000 	 0.000000
146 	 -1.000000 	 0.000000
147 	 -1.000000 	 0.000000
148 	 -1.000000 	 0.000000
149 	 -1.000000 	 0.000000
150 	 -1.000000 	 0.000000
151 	 -1.000000 	 0.000000
152 	 -1.000000 	 0.000000
153 	 -1.000000 	 0.000000
154 	 -2.000000 	 0.000000
155 	 -1.000000 	 0.000000
156 	 -2.000000 	 0.000000
Period 29
106 	 0.000000 	 60.000000
107 	 22.000000 	 60.000000
108 	 3.000000 	 15.000000
109 	 3.000000 	 15.000000
110 	 6.000000 	 30.000000
111 	 5.000000 	 30.000000
112 	 33.000000 	 60.000000
113 	 23.000000 	 60.000000
114 	 8.000000 	 45.000000
115 	 22.000000 	 60.000000
116 	 18.000000 	 60.000000
117 	 31.000000 	 121.000000
118 	 56.000000 	 151.000000
119 	 35.000000 	 121.000000
120 	 0.000000 	 15.000000
121 	 20.000000 	 76.000000
122 	 17.000000 	 60.000000
123 	 11.000000 	 60.000000
124 	 30.000000 	 91.000000
125 	 12.000000 	 30.000000
126 	 15.000000 	 76.000000
127 	 9.000000 	 45.000000
128 	 14.000000 	 45.000000
129 	 7.000000 	 30.000000
130 	 5.000000 	 15.000000
131 	 13.000000 	 30.000000
132 	 9.000000 	 30.000000
133 	 2.000000 	 15.000000
134 	 -2.000000 	 0.000000
135 	 -1.000000 	 0.000000
136 	 -1.000000 	 0.000000
137 	 -1.000000 	 0.000000
138 	 -2.000000 	 0.000000
139 	 -1.000000 	 0.000000
140 	 -2.000000 	 0.000000
141 	 -2.000000 	 0.000000
142 	 -1.000000 	 0.000000
143 	 -2.000000 	 0.000000
144 	 -1.000000 	 0.000000
145 	 -1.000000 	 0.000000
146 	 -1.000000 	 0.000000
147 	 -1.000000 	 0.000000
148 	 -1.000000 	 0.000000
149 	 -1.000000 	 0.000000
150 	 -1.000000 	 0.000000
151 	 -1.000000 	 0.000000
152 	 -1.000000 	 0.000000
153 	 -1.000000 	 0.000000
154 	 -2.000000 	 0.000000
155 	 -1.000000 	 0.000000
156 	 -2.000000 	 0.000000
Period 30
106 	 0.000000 	 60.000000
107 	 2.000000 	 60.000000
108 	 3.000000 	 15.000000
109 	 1.000000 	 15.000000
110 	 6.000000 	 30.000000
111 	 1.000000 	 30.000000
112 	 2.000000 	 60.000000
113 	 2.000000 	 60.000000
114 	 1.000000 	 45.000000
115 	 22.000000 	 60.000000
116 	 2.000000 	 60.000000
117 	 17.000000 	 120.000000
118 	 54.000000 	 149.000000
119 	 34.000000 	 120.000000
120 	 0.000000 	 15.000000
121 	 10.000000 	 75.000000
122 	 2.000000 	 60.000000
123 	 11.000000 	 60.000000
124 	 3.000000 	 90.000000
125 	 1.000000 	 30.000000
126 	 5.000000 	 75.000000
127 	 1.000000 	 45.000000
128 	 1.000000 	 45.000000
129 	 1.000000 	 30.000000
130 	 5.000000 	 15.000000
131 	 12.000000 	 30.000000
132 	 9.000000 	 30.000000
133 	 1.000000 	 15.000000
134 	 -2.000000 	 0.000000
135 	 -1.000000 	 0.000000
136 	 -1.000000 	 0.000000
137 	 -1.000000 	 0.000000
138 	 -2.000000 	 0.000000
139 	 -1.000000 	 0.000000
140 	 -2.000000 	 0.000000
141 	 -2.000000 	 0.000000
142 	 -1.000000 	 0.000000
143 	 -2.000000 	 0.000000
144 	 -1.000000 	 0.000000
145 	 -1.000000 	 0.000000
146 	 -1.000000 	 0.000000
147 	 -1.000000 	 0.000000
148 	 -1.000000 	 0.000000
149 	 -1.000000 	 0.000000
150 	 -1.000000 	 0.000000
151 	 -1.000000 	 0.000000
152 	 -1.000000 	 0.000000
153 	 -1.000000 	 0.000000
154 	 -2.000000 	 0.000000
155 	 -1.000000 	 0.000000
156 	 -2.000000 	 0.000000
Period 31
106 	 -2.000000 	 58.000000
107 	 0.000000 	 58.000000
108 	 2.000000 	 14.000000
109 	 0.000000 	 14.000000
110 	 5.000000 	 29.000000
111 	 0.000000 	 29.000000
112 	 0.000000 	 58.000000
113 	 0.000000 	 58.000000
114 	 0.000000 	 44.000000
115 	 20.000000 	 58.000000
116 	 0.000000 	 58.000000
117 	 13.000000 	 116.000000
118 	 50.000000 	 145.000000
119 	 30.000000 	 116.000000
120 	 -1.000000 	 14.000000
121 	 7.000000 	 72.000000
122 	 0.000000 	 58.000000
123 	 9.000000 	 58.000000
124 	 0.000000 	 87.000000
125 	 0.000000 	 29.000000
126 	 2.000000 	 72.000000
127 	 0.000000 	 44.000000
128 	 0.000000 	 44.000000
129 	 0.000000 	 29.000000
130 	 4.000000 	 14.000000
131 	 11.000000 	 29.000000
132 	 8.000000 	 29.000000
133 	 0.000000 	 14.000000
134 	 -2.000000 	 0.000000
135 	 -1.000000 	 0.000000
136 	 -1.000000 	 0.000000
137 	 -1.000000 	 0.000000
138 	 -2.000000 	 0.000000
139 	 -1.000000 	 0.000000
140 	 -2.000000 	 0.000000
141 	 -2.000000 	 0.000000
142 	 -1.000000 	 0.000000
143 	 -2.000000 	 0.000000
144 	 -1.000000 	 0.000000
145 	 -1.000000 	 0.000000
146 	 -1.000000 	 0.000000
147 	 -1.000000 	 0.000000
148 	 -1.000000 	 0.000000
149 	 -1.000000 	 0.000000
150 	 -1.000000 	 0.000000
151 	 -1.000000 	 0.000000
152 	 -1.000000 	 0.000000
153 	 -1.000000 	 0.000000
154 	 -2.000000 	 0.000000
155 	 -1.000000 	 0.000000
156 	 -2.000000 	 0.000000
Scenario 1
Period 28
106 	 19.000000 	 79.000000
107 	 33.000000 	 71.000000
108 	 5.000000 	 17.000000
109 	 6.000000 	 18.000000
110 	 11.000000 	 35.000000
111 	 15.000000 	 40.000000
112 	 41.000000 	 68.000000
113 	 35.000000 	 72.000000
114 	 19.000000 	 56.000000
115 	 45.000000 	 83.000000
116 	 31.000000 	 73.000000
117 	 44.000000 	 134.000000
118 	 103.000000 	 198.000000
119 	 65.000000 	 151.000000
120 	 2.000000 	 17.000000
121 	 48.000000 	 104.000000
122 	 42.000000 	 85.000000
123 	 31.000000 	 80.000000
124 	 64.000000 	 124.000000
125 	 16.000000 	 34.000000
126 	 37.000000 	 98.000000
127 	 26.000000 	 62.000000
128 	 27.000000 	 58.000000
129 	 13.000000 	 36.000000
130 	 6.000000 	 16.000000
131 	 18.000000 	 35.000000
132 	 17.000000 	 38.000000
133 	 8.000000 	 21.000000
134 	 0.000000 	 2.000000
135 	 1.000000 	 2.000000
136 	 1.000000 	 2.000000
137 	 -1.000000 	 0.000000
138 	 -1.000000 	 1.000000
139 	 -1.000000 	 0.000000
140 	 -1.000000 	 1.000000
141 	 -1.000000 	 1.000000
142 	 1.000000 	 2.000000
143 	 -1.000000 	 1.000000
144 	 1.000000 	 2.000000
145 	 -1.000000 	 0.000000
146 	 0.000000 	 1.000000
147 	 -1.000000 	 0.000000
148 	 -1.000000 	 0.000000
149 	 0.000000 	 1.000000
150 	 1.000000 	 2.000000
151 	 -1.000000 	 0.000000
152 	 0.000000 	 1.000000
153 	 0.000000 	 1.000000
154 	 -1.000000 	 1.000000
155 	 0.000000 	 1.000000
156 	 -1.000000 	 1.000000
Period 29
106 	 19.000000 	 79.000000
107 	 33.000000 	 71.000000
108 	 5.000000 	 17.000000
109 	 6.000000 	 18.000000
110 	 11.000000 	 35.000000
111 	 15.000000 	 40.000000
112 	 41.000000 	 68.000000
113 	 35.000000 	 72.000000
114 	 19.000000 	 56.000000
115 	 45.000000 	 83.000000
116 	 31.000000 	 73.000000
117 	 46.000000 	 136.000000
118 	 104.000000 	 199.000000
119 	 66.000000 	 152.000000
120 	 2.000000 	 17.000000
121 	 49.000000 	 105.000000
122 	 42.000000 	 85.000000
123 	 31.000000 	 80.000000
124 	 65.000000 	 126.000000
125 	 16.000000 	 34.000000
126 	 39.000000 	 100.000000
127 	 26.000000 	 62.000000
128 	 27.000000 	 58.000000
129 	 13.000000 	 36.000000
130 	 6.000000 	 16.000000
131 	 18.000000 	 35.000000
132 	 17.000000 	 38.000000
133 	 8.000000 	 21.000000
134 	 -1.000000 	 1.000000
135 	 -1.000000 	 0.000000
136 	 1.000000 	 2.000000
137 	 1.000000 	 2.000000
138 	 0.000000 	 2.000000
139 	 1.000000 	 2.000000
140 	 0.000000 	 2.000000
141 	 -2.000000 	 0.000000
142 	 1.000000 	 2.000000
143 	 -1.000000 	 1.000000
144 	 1.000000 	 2.000000
145 	 0.000000 	 1.000000
146 	 0.000000 	 1.000000
147 	 -1.000000 	 0.000000
148 	 1.000000 	 2.000000
149 	 0.000000 	 1.000000
150 	 0.000000 	 1.000000
151 	 1.000000 	 2.000000
152 	 0.000000 	 1.000000
153 	 0.000000 	 1.000000
154 	 -1.000000 	 1.000000
155 	 0.000000 	 1.000000
156 	 -1.000000 	 1.000000
Period 30
106 	 19.000000 	 79.000000
107 	 13.000000 	 71.000000
108 	 5.000000 	 17.000000
109 	 4.000000 	 18.000000
110 	 11.000000 	 35.000000
111 	 11.000000 	 40.000000
112 	 10.000000 	 68.000000
113 	 14.000000 	 72.000000
114 	 12.000000 	 56.000000
115 	 45.000000 	 83.000000
116 	 15.000000 	 73.000000
117 	 31.000000 	 134.000000
118 	 102.000000 	 197.000000
119 	 65.000000 	 151.000000
120 	 2.000000 	 17.000000
121 	 39.000000 	 104.000000
122 	 27.000000 	 85.000000
123 	 31.000000 	 80.000000
124 	 37.000000 	 124.000000
125 	 5.000000 	 34.000000
126 	 28.000000 	 98.000000
127 	 18.000000 	 62.000000
128 	 14.000000 	 58.000000
129 	 7.000000 	 36.000000
130 	 6.000000 	 16.000000
131 	 17.000000 	 35.000000
132 	 17.000000 	 38.000000
133 	 7.000000 	 21.000000
134 	 -2.000000 	 0.000000
135 	 -1.000000 	 0.000000
136 	 -1.000000 	 0.000000
137 	 -1.000000 	 0.000000
138 	 -1.000000 	 1.000000
139 	 -1.000000 	 0.000000
140 	 -1.000000 	 1.000000
141 	 0.000000 	 2.000000
142 	 -1.000000 	 0.000000
143 	 0.000000 	 2.000000
144 	 -1.000000 	 0.000000
145 	 0.000000 	 1.000000
146 	 -1.000000 	 0.000000
147 	 0.000000 	 1.000000
148 	 1.000000 	 2.000000
149 	 -1.000000 	 0.000000
150 	 -1.000000 	 0.000000
151 	 -1.000000 	 0.000000
152 	 -1.000000 	 0.000000
153 	 0.000000 	 1.000000
154 	 -2.000000 	 0.000000
155 	 0.000000 	 1.000000
156 	 0.000000 	 2.000000
Period 31
106 	 17.000000 	 77.000000
107 	 10.000000 	 68.000000
108 	 4.000000 	 16.000000
109 	 3.000000 	 17.000000
110 	 10.000000 	 34.000000
111 	 10.000000 	 39.000000
112 	 8.000000 	 66.000000
113 	 12.000000 	 70.000000
114 	 11.000000 	 55.000000
115 	 42.000000 	 80.000000
116 	 12.000000 	 70.000000
117 	 27.000000 	 130.000000
118 	 96.000000 	 191.000000
119 	 60.000000 	 146.000000
120 	 1.000000 	 16.000000
121 	 34.000000 	 99.000000
122 	 24.000000 	 82.000000
123 	 29.000000 	 78.000000
124 	 33.000000 	 120.000000
125 	 4.000000 	 33.000000
126 	 24.000000 	 94.000000
127 	 17.000000 	 61.000000
128 	 13.000000 	 57.000000
129 	 6.000000 	 35.000000
130 	 5.000000 	 15.000000
131 	 16.000000 	 34.000000
132 	 16.000000 	 37.000000
133 	 5.000000 	 19.000000
134 	 -2.000000 	 0.000000
135 	 1.000000 	 2.000000
136 	 0.000000 	 1.000000
137 	 -1.000000 	 0.000000
138 	 0.000000 	 2.000000
139 	 -1.000000 	 0.000000
140 	 -1.000000 	 1.000000
141 	 0.000000 	 2.000000
142 	 0.000000 	 1.000000
143 	 0.000000 	 2.000000
144 	 1.000000 	 2.000000
145 	 -1.000000 	 0.000000
146 	 0.000000 	 1.000000
147 	 1.000000 	 2.000000
148 	 0.000000 	 1.000000
149 	 0.000000 	 1.000000
150 	 1.000000 	 2.000000
151 	 0.000000 	 1.000000
152 	 1.000000 	 2.000000
153 	 0.000000 	 1.000000
154 	 -2.000000 	 0.000000
155 	 0.000000 	 1.000000
156 	 0.000000 	 2.000000
Scenario 2
Period 28
106 	 0.000000 	 60.000000
107 	 6.000000 	 44.000000
108 	 0.000000 	 12.000000
109 	 3.000000 	 15.000000
110 	 0.000000 	 24.000000
111 	 1.000000 	 26.000000
112 	 4.000000 	 31.000000
113 	 6.000000 	 43.000000
114 	 3.000000 	 40.000000
115 	 0.000000 	 38.000000
116 	 2.000000 	 44.000000
117 	 13.000000 	 103.000000
118 	 -1.000000 	 94.000000
119 	 -20.000000 	 66.000000
120 	 0.000000 	 15.000000
121 	 8.000000 	 64.000000
122 	 7.000000 	 50.000000
123 	 0.000000 	 49.000000
124 	 8.000000 	 68.000000
125 	 3.000000 	 21.000000
126 	 9.000000 	 70.000000
127 	 9.000000 	 45.000000
128 	 3.000000 	 34.000000
129 	 2.000000 	 25.000000
130 	 0.000000 	 10.000000
131 	 1.000000 	 18.000000
132 	 -4.000000 	 17.000000
133 	 1.000000 	 14.000000
134 	 -2.000000 	 0.000000
135 	 -1.000000 	 0.000000
136 	 1.000000 	 2.000000
137 	 0.000000 	 1.000000
138 	 -2.000000 	 0.000000
139 	 1.000000 	 2.000000
140 	 0.000000 	 2.000000
141 	 0.000000 	 2.000000
142 	 1.000000 	 2.000000
143 	 -2.000000 	 0.000000
144 	 1.000000 	 2.000000
145 	 0.000000 	 1.000000
146 	 -1.000000 	 0.000000
147 	 -1.000000 	 0.000000
148 	 -1.000000 	 0.000000
149 	 0.000000 	 1.000000
150 	 -1.000000 	 0.000000
151 	 0.000000 	 1.000000
152 	 -1.000000 	 0.000000
153 	 0.000000 	 1.000000
154 	 -1.000000 	 1.000000
155 	 1.000000 	 2.000000
156 	 -1.000000 	 1.000000
Period 29
106 	 0.000000 	 60.000000
107 	 6.000000 	 44.000000
108 	 0.000000 	 12.000000
109 	 3.000000 	 15.000000
110 	 0.000000 	 24.000000
111 	 1.000000 	 26.000000
112 	 4.000000 	 31.000000
113 	 6.000000 	 43.000000
114 	 3.000000 	 40.000000
115 	 0.000000 	 38.000000
116 	 2.000000 	 44.000000
117 	 14.000000 	 104.000000
118 	 0.000000 	 95.000000
119 	 -19.000000 	 67.000000
120 	 0.000000 	 15.000000
121 	 9.000000 	 65.000000
122 	 7.000000 	 50.000000
123 	 0.000000 	 49.000000
124 	 8.000000 	 69.000000
125 	 3.000000 	 21.000000
126 	 10.000000 	 71.000000
127 	 9.000000 	 45.000000
128 	 3.000000 	 34.000000
129 	 2.000000 	 25.000000
130 	 0.000000 	 10.000000
131 	 1.000000 	 18.000000
132 	 -4.000000 	 17.000000
133 	 1.000000 	 14.000000
134 	 -2.000000 	 0.000000
135 	 0.000000 	 1.000000
136 	 1.000000 	 2.000000
137 	 -1.000000 	 0.000000
138 	 -1.000000 	 1.000000
139 	 0.000000 	 1.000000
140 	 -2.000000 	 0.000000
141 	 -1.000000 	 1.000000
142 	 1.000000 	 2.000000
143 	 0.000000 	 2.000000
144 	 0.000000 	 1.000000
145 	 -1.000000 	 0.000000
146 	 -1.000000 	 0.000000
147 	 0.000000 	 1.000000
148 	 0.000000 	 1.000000
149 	 0.000000 	 1.000000
150 	 -1.000000 	 0.000000
151 	 0.000000 	 1.000000
152 	 -1.000000 	 0.000000
153 	 1.000000 	 2.000000
154 	 -1.000000 	 1.000000
155 	 0.000000 	 1.000000
156 	 -2.000000 	 0.000000
Period 30
106 	 0.000000 	 60.000000
107 	 -14.000000 	 44.000000
108 	 0.000000 	 12.000000
109 	 1.000000 	 15.000000
110 	 0.000000 	 24.000000
111 	 -3.000000 	 26.000000
112 	 -27.000000 	 31.000000
113 	 -15.000000 	 43.000000
114 	 -4.000000 	 40.000000
115 	 0.000000 	 38.000000
116 	 -14.000000 	 44.000000
117 	 0.000000 	 103.000000
118 	 -1.000000 	 94.000000
119 	 -20.000000 	 66.000000
120 	 0.000000 	 15.000000
121 	 -1.000000 	 64.000000
122 	 -8.000000 	 50.000000
123 	 0.000000 	 49.000000
124 	 -19.000000 	 68.000000
125 	 -8.000000 	 21.000000
126 	 0.000000 	 70.000000
127 	 1.000000 	 45.000000
128 	 -10.000000 	 34.000000
129 	 -4.000000 	 25.000000
130 	 0.000000 	 10.000000
131 	 0.000000 	 18.000000
132 	 -4.000000 	 17.000000
133 	 0.000000 	 14.000000
134 	 0.000000 	 2.000000
135 	 1.000000 	 2.000000
136 	 -1.000000 	 0.000000
137 	 0.000000 	 1.000000
138 	 0.000000 	 2.000000
139 	 0.000000 	 1.000000
140 	 -1.000000 	 1.000000
141 	 -1.000000 	 1.000000
142 	 1.000000 	 2.000000
143 	 -2.000000 	 0.000000
144 	 0.000000 	 1.000000
145 	 1.000000 	 2.000000
146 	 1.000000 	 2.000000
147 	 -1.000000 	 0.000000
148 	 1.000000 	 2.000000
149 	 -1.000000 	 0.000000
150 	 -1.000000 	 0.000000
151 	 -1.000000 	 0.000000
152 	 0.000000 	 1.000000
153 	 0.000000 	 1.000000
154 	 -2.000000 	 0.000000
155 	 -1.000000 	 0.000000
156 	 0.000000 	 2.000000
Period 31
106 	 -2.000000 	 58.000000
107 	 -16.000000 	 42.000000
108 	 -1.000000 	 11.000000
109 	 0.000000 	 14.000000
110 	 -1.000000 	 23.000000
111 	 -4.000000 	 25.000000
112 	 -28.000000 	 30.000000
113 	 -16.000000 	 42.000000
114 	 -5.000000 	 39.000000
115 	 -1.000000 	 37.000000
116 	 -16.000000 	 42.000000
117 	 -3.000000 	 100.000000
118 	 -4.000000 	 91.000000
119 	 -22.000000 	 64.000000
120 	 -1.000000 	 14.000000
121 	 -4.000000 	 61.000000
122 	 -9.000000 	 49.000000
123 	 -2.000000 	 47.000000
124 	 -21.000000 	 66.000000
125 	 -8.000000 	 21.000000
126 	 -3.000000 	 67.000000
127 	 0.000000 	 44.000000
128 	 -11.000000 	 33.000000
129 	 -5.000000 	 24.000000
130 	 0.000000 	 10.000000
131 	 -1.000000 	 17.000000
132 	 -5.000000 	 16.000000
133 	 -1.000000 	 13.000000
134 	 0.000000 	 2.000000
135 	 -1.000000 	 0.000000
136 	 -1.000000 	 0.000000
137 	 1.000000 	 2.000000
138 	 -2.000000 	 0.000000
139 	 0.000000 	 1.000000
140 	 -2.000000 	 0.000000
141 	 -2.000000 	 0.000000
142 	 1.000000 	 2.000000
143 	 0.000000 	 2.000000
144 	 -1.000000 	 0.000000
145 	 1.000000 	 2.000000
146 	 1.000000 	 2.000000
147 	 1.000000 	 2.000000
148 	 0.000000 	 1.000000
149 	 0.000000 	 1.000000
150 	 -1.000000 	 0.000000
151 	 1.000000 	 2.000000
152 	 1.000000 	 2.000000
153 	 -1.000000 	 0.000000
154 	 -1.000000 	 1.000000
155 	 1.000000 	 2.000000
156 	 0.000000 	 2.000000
