Scenario 0
Period 37
0 	 -1.000000 	 1.000000
1 	 -2.000000 	 8.000000
2 	 -3.000000 	 8.000000
3 	 -1.000000 	 6.000000
4 	 -2.000000 	 4.000000
5 	 -1.000000 	 8.000000
6 	 -2.000000 	 9.000000
7 	 -1.000000 	 13.000000
8 	 -1.000000 	 7.000000
9 	 -2.000000 	 8.000000
10 	 -1.000000 	 9.000000
11 	 -2.000000 	 6.000000
12 	 -5.000000 	 34.000000
13 	 -1.000000 	 3.000000
14 	 -3.000000 	 0.000000
15 	 -1.000000 	 3.000000
16 	 -3.000000 	 0.000000
17 	 -1.000000 	 8.000000
18 	 0.000000 	 43.000000
19 	 -44.000000 	 34.000000
20 	 -1.000000 	 3.000000
21 	 -1.000000 	 2.000000
22 	 -5.000000 	 11.000000
23 	 -1.000000 	 5.000000
24 	 -103.000000 	 14.000000
25 	 -3.000000 	 2.000000
26 	 -3.000000 	 1.000000
27 	 -1.000000 	 1.000000
28 	 0.000000 	 3.000000
29 	 -10.000000 	 30.000000
30 	 0.000000 	 8.000000
31 	 -1.000000 	 1.000000
32 	 0.000000 	 8.000000
33 	 -5.000000 	 10.000000
34 	 0.000000 	 4.000000
35 	 -1.000000 	 14.000000
36 	 -1.000000 	 22.000000
37 	 -1.000000 	 14.000000
38 	 -1.000000 	 25.000000
39 	 -2.000000 	 10.000000
40 	 -1.000000 	 14.000000
41 	 -1.000000 	 12.000000
42 	 -1.000000 	 10.000000
43 	 0.000000 	 0.000000
44 	 -1.000000 	 7.000000
45 	 -1.000000 	 2.000000
46 	 -1.000000 	 1.000000
47 	 0.000000 	 0.000000
48 	 -1.000000 	 8.000000
49 	 -1.000000 	 9.000000
50 	 -2.000000 	 17.000000
51 	 -3.000000 	 9.000000
52 	 -1.000000 	 17.000000
53 	 -2.000000 	 10.000000
54 	 -1.000000 	 9.000000
55 	 -1.000000 	 1.000000
56 	 -3.000000 	 0.000000
57 	 -2.000000 	 0.000000
58 	 -3.000000 	 0.000000
59 	 -2.000000 	 0.000000
60 	 -2.000000 	 0.000000
61 	 -3.000000 	 0.000000
62 	 -3.000000 	 0.000000
63 	 -3.000000 	 0.000000
64 	 -2.000000 	 0.000000
65 	 -3.000000 	 0.000000
66 	 -1.000000 	 0.000000
67 	 -3.000000 	 0.000000
68 	 -3.000000 	 0.000000
69 	 -2.000000 	 0.000000
70 	 -2.000000 	 0.000000
71 	 -2.000000 	 0.000000
72 	 -3.000000 	 0.000000
73 	 -3.000000 	 0.000000
74 	 -20.000000 	 0.000000
75 	 -2.000000 	 0.000000
76 	 -3.000000 	 0.000000
77 	 -2.000000 	 0.000000
78 	 -3.000000 	 0.000000
79 	 -3.000000 	 0.000000
80 	 -2.000000 	 0.000000
81 	 0.000000 	 0.000000
82 	 -3.000000 	 0.000000
83 	 -2.000000 	 0.000000
84 	 -2.000000 	 0.000000
85 	 -2.000000 	 0.000000
86 	 -3.000000 	 0.000000
87 	 -2.000000 	 0.000000
88 	 -3.000000 	 0.000000
89 	 -1.000000 	 0.000000
90 	 0.000000 	 0.000000
91 	 0.000000 	 0.000000
92 	 -1.000000 	 0.000000
93 	 0.000000 	 0.000000
94 	 0.000000 	 0.000000
95 	 0.000000 	 0.000000
96 	 -2.000000 	 0.000000
97 	 -3.000000 	 0.000000
98 	 -15.000000 	 0.000000
99 	 -3.000000 	 0.000000
100 	 -2.000000 	 0.000000
101 	 -3.000000 	 0.000000
102 	 -3.000000 	 0.000000
103 	 -6.000000 	 0.000000
104 	 -3.000000 	 0.000000
105 	 -6.000000 	 0.000000
Period 38
0 	 -1.000000 	 1.000000
1 	 -3.000000 	 7.000000
2 	 -4.000000 	 7.000000
3 	 -2.000000 	 5.000000
4 	 -3.000000 	 3.000000
5 	 -1.000000 	 8.000000
6 	 -2.000000 	 9.000000
7 	 -2.000000 	 12.000000
8 	 -2.000000 	 6.000000
9 	 -2.000000 	 8.000000
10 	 -1.000000 	 9.000000
11 	 -2.000000 	 6.000000
12 	 -3.000000 	 36.000000
13 	 -1.000000 	 3.000000
14 	 -3.000000 	 0.000000
15 	 0.000000 	 4.000000
16 	 -3.000000 	 0.000000
17 	 -1.000000 	 8.000000
18 	 0.000000 	 44.000000
19 	 -43.000000 	 35.000000
20 	 -1.000000 	 3.000000
21 	 -1.000000 	 2.000000
22 	 -5.000000 	 11.000000
23 	 -1.000000 	 5.000000
24 	 -101.000000 	 16.000000
25 	 -3.000000 	 2.000000
26 	 -3.000000 	 1.000000
27 	 -1.000000 	 1.000000
28 	 0.000000 	 3.000000
29 	 -9.000000 	 31.000000
30 	 0.000000 	 8.000000
31 	 -1.000000 	 1.000000
32 	 0.000000 	 8.000000
33 	 -4.000000 	 11.000000
34 	 0.000000 	 4.000000
35 	 0.000000 	 15.000000
36 	 1.000000 	 24.000000
37 	 0.000000 	 15.000000
38 	 1.000000 	 27.000000
39 	 -1.000000 	 11.000000
40 	 0.000000 	 15.000000
41 	 0.000000 	 13.000000
42 	 0.000000 	 11.000000
43 	 0.000000 	 0.000000
44 	 0.000000 	 8.000000
45 	 -1.000000 	 2.000000
46 	 -1.000000 	 1.000000
47 	 0.000000 	 0.000000
48 	 0.000000 	 9.000000
49 	 0.000000 	 10.000000
50 	 -2.000000 	 17.000000
51 	 -2.000000 	 10.000000
52 	 -1.000000 	 17.000000
53 	 -1.000000 	 11.000000
54 	 0.000000 	 10.000000
55 	 -1.000000 	 1.000000
56 	 -3.000000 	 0.000000
57 	 -2.000000 	 0.000000
58 	 -3.000000 	 0.000000
59 	 -2.000000 	 0.000000
60 	 -2.000000 	 0.000000
61 	 -3.000000 	 0.000000
62 	 -3.000000 	 0.000000
63 	 -3.000000 	 0.000000
64 	 -2.000000 	 0.000000
65 	 -3.000000 	 0.000000
66 	 -1.000000 	 0.000000
67 	 -3.000000 	 0.000000
68 	 -3.000000 	 0.000000
69 	 -2.000000 	 0.000000
70 	 -2.000000 	 0.000000
71 	 -2.000000 	 0.000000
72 	 -3.000000 	 0.000000
73 	 -3.000000 	 0.000000
74 	 -20.000000 	 0.000000
75 	 -2.000000 	 0.000000
76 	 -3.000000 	 0.000000
77 	 -2.000000 	 0.000000
78 	 -3.000000 	 0.000000
79 	 -3.000000 	 0.000000
80 	 -2.000000 	 0.000000
81 	 0.000000 	 0.000000
82 	 -3.000000 	 0.000000
83 	 -2.000000 	 0.000000
84 	 -2.000000 	 0.000000
85 	 -2.000000 	 0.000000
86 	 -3.000000 	 0.000000
87 	 -2.000000 	 0.000000
88 	 -3.000000 	 0.000000
89 	 -1.000000 	 0.000000
90 	 0.000000 	 0.000000
91 	 0.000000 	 0.000000
92 	 -1.000000 	 0.000000
93 	 0.000000 	 0.000000
94 	 0.000000 	 0.000000
95 	 0.000000 	 0.000000
96 	 -2.000000 	 0.000000
97 	 -3.000000 	 0.000000
98 	 -15.000000 	 0.000000
99 	 -3.000000 	 0.000000
100 	 -2.000000 	 0.000000
101 	 -3.000000 	 0.000000
102 	 -3.000000 	 0.000000
103 	 -6.000000 	 0.000000
104 	 -3.000000 	 0.000000
105 	 -6.000000 	 0.000000
Period 39
0 	 -1.000000 	 1.000000
1 	 -3.000000 	 7.000000
2 	 -4.000000 	 7.000000
3 	 -2.000000 	 5.000000
4 	 -3.000000 	 3.000000
5 	 -1.000000 	 8.000000
6 	 -2.000000 	 9.000000
7 	 -2.000000 	 12.000000
8 	 -2.000000 	 6.000000
9 	 -2.000000 	 8.000000
10 	 -1.000000 	 9.000000
11 	 -2.000000 	 6.000000
12 	 -3.000000 	 36.000000
13 	 -1.000000 	 3.000000
14 	 -3.000000 	 0.000000
15 	 0.000000 	 4.000000
16 	 -3.000000 	 0.000000
17 	 -1.000000 	 8.000000
18 	 0.000000 	 44.000000
19 	 -43.000000 	 35.000000
20 	 -1.000000 	 3.000000
21 	 -1.000000 	 2.000000
22 	 -5.000000 	 11.000000
23 	 -1.000000 	 5.000000
24 	 -102.000000 	 15.000000
25 	 -3.000000 	 2.000000
26 	 -3.000000 	 1.000000
27 	 -1.000000 	 1.000000
28 	 0.000000 	 3.000000
29 	 -10.000000 	 30.000000
30 	 0.000000 	 8.000000
31 	 -1.000000 	 1.000000
32 	 0.000000 	 8.000000
33 	 -5.000000 	 10.000000
34 	 0.000000 	 4.000000
35 	 -1.000000 	 14.000000
36 	 0.000000 	 23.000000
37 	 -1.000000 	 14.000000
38 	 0.000000 	 26.000000
39 	 -2.000000 	 10.000000
40 	 -1.000000 	 14.000000
41 	 0.000000 	 13.000000
42 	 0.000000 	 11.000000
43 	 0.000000 	 0.000000
44 	 -1.000000 	 7.000000
45 	 -1.000000 	 2.000000
46 	 -1.000000 	 1.000000
47 	 0.000000 	 0.000000
48 	 0.000000 	 9.000000
49 	 0.000000 	 10.000000
50 	 -2.000000 	 17.000000
51 	 -2.000000 	 10.000000
52 	 -1.000000 	 17.000000
53 	 -1.000000 	 11.000000
54 	 0.000000 	 10.000000
55 	 -1.000000 	 1.000000
56 	 -3.000000 	 0.000000
57 	 -2.000000 	 0.000000
58 	 -3.000000 	 0.000000
59 	 -2.000000 	 0.000000
60 	 -2.000000 	 0.000000
61 	 -3.000000 	 0.000000
62 	 -3.000000 	 0.000000
63 	 -3.000000 	 0.000000
64 	 -2.000000 	 0.000000
65 	 -3.000000 	 0.000000
66 	 -1.000000 	 0.000000
67 	 -3.000000 	 0.000000
68 	 -3.000000 	 0.000000
69 	 -2.000000 	 0.000000
70 	 -2.000000 	 0.000000
71 	 -2.000000 	 0.000000
72 	 -3.000000 	 0.000000
73 	 -3.000000 	 0.000000
74 	 -20.000000 	 0.000000
75 	 -2.000000 	 0.000000
76 	 -3.000000 	 0.000000
77 	 -2.000000 	 0.000000
78 	 -3.000000 	 0.000000
79 	 -3.000000 	 0.000000
80 	 -2.000000 	 0.000000
81 	 0.000000 	 0.000000
82 	 -3.000000 	 0.000000
83 	 -2.000000 	 0.000000
84 	 -2.000000 	 0.000000
85 	 -2.000000 	 0.000000
86 	 -3.000000 	 0.000000
87 	 -2.000000 	 0.000000
88 	 -3.000000 	 0.000000
89 	 -1.000000 	 0.000000
90 	 0.000000 	 0.000000
91 	 0.000000 	 0.000000
92 	 -1.000000 	 0.000000
93 	 0.000000 	 0.000000
94 	 0.000000 	 0.000000
95 	 0.000000 	 0.000000
96 	 -2.000000 	 0.000000
97 	 -3.000000 	 0.000000
98 	 -15.000000 	 0.000000
99 	 -3.000000 	 0.000000
100 	 -2.000000 	 0.000000
101 	 -3.000000 	 0.000000
102 	 -3.000000 	 0.000000
103 	 -6.000000 	 0.000000
104 	 -3.000000 	 0.000000
105 	 -6.000000 	 0.000000
Period 40
0 	 -1.000000 	 1.000000
1 	 -2.000000 	 8.000000
2 	 -3.000000 	 8.000000
3 	 -1.000000 	 6.000000
4 	 -2.000000 	 4.000000
5 	 1.000000 	 10.000000
6 	 0.000000 	 11.000000
7 	 1.000000 	 15.000000
8 	 0.000000 	 8.000000
9 	 0.000000 	 10.000000
10 	 1.000000 	 11.000000
11 	 -1.000000 	 7.000000
12 	 -3.000000 	 36.000000
13 	 -1.000000 	 3.000000
14 	 -2.000000 	 1.000000
15 	 0.000000 	 4.000000
16 	 -2.000000 	 1.000000
17 	 -3.000000 	 6.000000
18 	 -10.000000 	 34.000000
19 	 -51.000000 	 27.000000
20 	 -2.000000 	 2.000000
21 	 -1.000000 	 2.000000
22 	 -7.000000 	 9.000000
23 	 0.000000 	 6.000000
24 	 -100.000000 	 17.000000
25 	 -3.000000 	 2.000000
26 	 -3.000000 	 1.000000
27 	 -1.000000 	 1.000000
28 	 0.000000 	 3.000000
29 	 -8.000000 	 32.000000
30 	 0.000000 	 8.000000
31 	 -1.000000 	 1.000000
32 	 1.000000 	 9.000000
33 	 -6.000000 	 9.000000
34 	 0.000000 	 4.000000
35 	 -2.000000 	 13.000000
36 	 -2.000000 	 21.000000
37 	 -2.000000 	 13.000000
38 	 -3.000000 	 23.000000
39 	 -3.000000 	 9.000000
40 	 -2.000000 	 13.000000
41 	 -1.000000 	 12.000000
42 	 0.000000 	 11.000000
43 	 0.000000 	 0.000000
44 	 -1.000000 	 7.000000
45 	 -1.000000 	 2.000000
46 	 -1.000000 	 1.000000
47 	 0.000000 	 0.000000
48 	 0.000000 	 9.000000
49 	 0.000000 	 10.000000
50 	 -2.000000 	 17.000000
51 	 -2.000000 	 10.000000
52 	 -1.000000 	 17.000000
53 	 -1.000000 	 11.000000
54 	 0.000000 	 10.000000
55 	 -1.000000 	 1.000000
56 	 -3.000000 	 0.000000
57 	 -2.000000 	 0.000000
58 	 -3.000000 	 0.000000
59 	 -2.000000 	 0.000000
60 	 -2.000000 	 0.000000
61 	 -3.000000 	 0.000000
62 	 -3.000000 	 0.000000
63 	 -3.000000 	 0.000000
64 	 -2.000000 	 0.000000
65 	 -3.000000 	 0.000000
66 	 -1.000000 	 0.000000
67 	 -3.000000 	 0.000000
68 	 -3.000000 	 0.000000
69 	 -2.000000 	 0.000000
70 	 -2.000000 	 0.000000
71 	 -2.000000 	 0.000000
72 	 -3.000000 	 0.000000
73 	 -3.000000 	 0.000000
74 	 -20.000000 	 0.000000
75 	 -2.000000 	 0.000000
76 	 -3.000000 	 0.000000
77 	 -2.000000 	 0.000000
78 	 -3.000000 	 0.000000
79 	 -3.000000 	 0.000000
80 	 -2.000000 	 0.000000
81 	 0.000000 	 0.000000
82 	 -3.000000 	 0.000000
83 	 -2.000000 	 0.000000
84 	 -2.000000 	 0.000000
85 	 -2.000000 	 0.000000
86 	 -3.000000 	 0.000000
87 	 -2.000000 	 0.000000
88 	 -3.000000 	 0.000000
89 	 -1.000000 	 0.000000
90 	 0.000000 	 0.000000
91 	 0.000000 	 0.000000
92 	 -1.000000 	 0.000000
93 	 0.000000 	 0.000000
94 	 0.000000 	 0.000000
95 	 0.000000 	 0.000000
96 	 -2.000000 	 0.000000
97 	 -3.000000 	 0.000000
98 	 -15.000000 	 0.000000
99 	 -3.000000 	 0.000000
100 	 -2.000000 	 0.000000
101 	 -3.000000 	 0.000000
102 	 -3.000000 	 0.000000
103 	 -6.000000 	 0.000000
104 	 -3.000000 	 0.000000
105 	 -6.000000 	 0.000000
Scenario 1
Period 37
0 	 -1.000000 	 1.000000
1 	 -2.000000 	 8.000000
2 	 -1.000000 	 10.000000
3 	 -1.000000 	 6.000000
4 	 -1.000000 	 5.000000
5 	 -1.000000 	 8.000000
6 	 -2.000000 	 9.000000
7 	 -1.000000 	 13.000000
8 	 -1.000000 	 7.000000
9 	 -2.000000 	 8.000000
10 	 -1.000000 	 9.000000
11 	 -1.000000 	 7.000000
12 	 -3.000000 	 36.000000
13 	 -1.000000 	 3.000000
14 	 -2.000000 	 1.000000
15 	 -1.000000 	 3.000000
16 	 -1.000000 	 2.000000
17 	 1.000000 	 10.000000
18 	 1.000000 	 44.000000
19 	 -38.000000 	 40.000000
20 	 0.000000 	 4.000000
21 	 -1.000000 	 2.000000
22 	 -4.000000 	 12.000000
23 	 -1.000000 	 5.000000
24 	 -103.000000 	 14.000000
25 	 -3.000000 	 2.000000
26 	 -3.000000 	 1.000000
27 	 -1.000000 	 1.000000
28 	 0.000000 	 3.000000
29 	 -10.000000 	 30.000000
30 	 0.000000 	 8.000000
31 	 -1.000000 	 1.000000
32 	 0.000000 	 8.000000
33 	 -4.000000 	 11.000000
34 	 0.000000 	 4.000000
35 	 1.000000 	 16.000000
36 	 -1.000000 	 22.000000
37 	 0.000000 	 15.000000
38 	 0.000000 	 26.000000
39 	 -2.000000 	 10.000000
40 	 0.000000 	 15.000000
41 	 -1.000000 	 12.000000
42 	 -1.000000 	 10.000000
43 	 0.000000 	 0.000000
44 	 -1.000000 	 7.000000
45 	 -1.000000 	 2.000000
46 	 -1.000000 	 1.000000
47 	 1.000000 	 1.000000
48 	 -1.000000 	 8.000000
49 	 -1.000000 	 9.000000
50 	 -2.000000 	 17.000000
51 	 -3.000000 	 9.000000
52 	 -1.000000 	 17.000000
53 	 -2.000000 	 10.000000
54 	 -1.000000 	 9.000000
55 	 -1.000000 	 1.000000
56 	 -3.000000 	 0.000000
57 	 0.000000 	 2.000000
58 	 -1.000000 	 2.000000
59 	 -2.000000 	 0.000000
60 	 0.000000 	 2.000000
61 	 -2.000000 	 1.000000
62 	 -1.000000 	 2.000000
63 	 -3.000000 	 0.000000
64 	 0.000000 	 2.000000
65 	 -3.000000 	 0.000000
66 	 -1.000000 	 0.000000
67 	 -3.000000 	 0.000000
68 	 -3.000000 	 0.000000
69 	 -2.000000 	 0.000000
70 	 -1.000000 	 1.000000
71 	 -1.000000 	 1.000000
72 	 -2.000000 	 1.000000
73 	 -1.000000 	 2.000000
74 	 -19.000000 	 1.000000
75 	 -1.000000 	 1.000000
76 	 -1.000000 	 2.000000
77 	 -2.000000 	 0.000000
78 	 -1.000000 	 2.000000
79 	 -3.000000 	 0.000000
80 	 -2.000000 	 0.000000
81 	 0.000000 	 0.000000
82 	 -3.000000 	 0.000000
83 	 -2.000000 	 0.000000
84 	 -1.000000 	 1.000000
85 	 -2.000000 	 0.000000
86 	 -3.000000 	 0.000000
87 	 0.000000 	 2.000000
88 	 -3.000000 	 0.000000
89 	 -1.000000 	 0.000000
90 	 1.000000 	 1.000000
91 	 2.000000 	 2.000000
92 	 -1.000000 	 0.000000
93 	 2.000000 	 2.000000
94 	 2.000000 	 2.000000
95 	 1.000000 	 1.000000
96 	 -1.000000 	 1.000000
97 	 -1.000000 	 2.000000
98 	 -13.000000 	 2.000000
99 	 -2.000000 	 1.000000
100 	 -1.000000 	 1.000000
101 	 -1.000000 	 2.000000
102 	 -1.000000 	 2.000000
103 	 -6.000000 	 0.000000
104 	 -3.000000 	 0.000000
105 	 -4.000000 	 2.000000
Period 38
0 	 -1.000000 	 1.000000
1 	 -3.000000 	 7.000000
2 	 -2.000000 	 9.000000
3 	 -2.000000 	 5.000000
4 	 -2.000000 	 4.000000
5 	 -1.000000 	 8.000000
6 	 -2.000000 	 9.000000
7 	 -2.000000 	 12.000000
8 	 -2.000000 	 6.000000
9 	 -2.000000 	 8.000000
10 	 -1.000000 	 9.000000
11 	 -1.000000 	 7.000000
12 	 0.000000 	 39.000000
13 	 -1.000000 	 3.000000
14 	 -1.000000 	 2.000000
15 	 0.000000 	 4.000000
16 	 -3.000000 	 0.000000
17 	 1.000000 	 10.000000
18 	 1.000000 	 45.000000
19 	 -37.000000 	 41.000000
20 	 0.000000 	 4.000000
21 	 -1.000000 	 2.000000
22 	 -4.000000 	 12.000000
23 	 -1.000000 	 5.000000
24 	 -101.000000 	 16.000000
25 	 -3.000000 	 2.000000
26 	 -3.000000 	 1.000000
27 	 -1.000000 	 1.000000
28 	 0.000000 	 3.000000
29 	 -9.000000 	 31.000000
30 	 0.000000 	 8.000000
31 	 -1.000000 	 1.000000
32 	 0.000000 	 8.000000
33 	 -3.000000 	 12.000000
34 	 0.000000 	 4.000000
35 	 2.000000 	 17.000000
36 	 1.000000 	 24.000000
37 	 1.000000 	 16.000000
38 	 2.000000 	 28.000000
39 	 -1.000000 	 11.000000
40 	 1.000000 	 16.000000
41 	 0.000000 	 13.000000
42 	 0.000000 	 11.000000
43 	 0.000000 	 0.000000
44 	 0.000000 	 8.000000
45 	 -1.000000 	 2.000000
46 	 -1.000000 	 1.000000
47 	 1.000000 	 1.000000
48 	 0.000000 	 9.000000
49 	 0.000000 	 10.000000
50 	 -2.000000 	 17.000000
51 	 -2.000000 	 10.000000
52 	 -1.000000 	 17.000000
53 	 -1.000000 	 11.000000
54 	 0.000000 	 10.000000
55 	 -1.000000 	 1.000000
56 	 -3.000000 	 0.000000
57 	 0.000000 	 2.000000
58 	 -2.000000 	 1.000000
59 	 -2.000000 	 0.000000
60 	 0.000000 	 2.000000
61 	 -2.000000 	 1.000000
62 	 -3.000000 	 0.000000
63 	 -2.000000 	 1.000000
64 	 -1.000000 	 1.000000
65 	 -3.000000 	 0.000000
66 	 0.000000 	 1.000000
67 	 -3.000000 	 0.000000
68 	 -2.000000 	 1.000000
69 	 -1.000000 	 1.000000
70 	 -1.000000 	 1.000000
71 	 -2.000000 	 0.000000
72 	 -2.000000 	 1.000000
73 	 -2.000000 	 1.000000
74 	 -20.000000 	 0.000000
75 	 -2.000000 	 0.000000
76 	 -2.000000 	 1.000000
77 	 -2.000000 	 0.000000
78 	 -3.000000 	 0.000000
79 	 -3.000000 	 0.000000
80 	 0.000000 	 2.000000
81 	 2.000000 	 2.000000
82 	 -3.000000 	 0.000000
83 	 0.000000 	 2.000000
84 	 -1.000000 	 1.000000
85 	 -1.000000 	 1.000000
86 	 -2.000000 	 1.000000
87 	 -1.000000 	 1.000000
88 	 -1.000000 	 2.000000
89 	 1.000000 	 2.000000
90 	 2.000000 	 2.000000
91 	 0.000000 	 0.000000
92 	 -1.000000 	 0.000000
93 	 1.000000 	 1.000000
94 	 0.000000 	 0.000000
95 	 0.000000 	 0.000000
96 	 -1.000000 	 1.000000
97 	 -3.000000 	 0.000000
98 	 -14.000000 	 1.000000
99 	 -1.000000 	 2.000000
100 	 -2.000000 	 0.000000
101 	 -3.000000 	 0.000000
102 	 -3.000000 	 0.000000
103 	 -6.000000 	 0.000000
104 	 -3.000000 	 0.000000
105 	 -6.000000 	 0.000000
Period 39
0 	 -1.000000 	 1.000000
1 	 -3.000000 	 7.000000
2 	 -2.000000 	 9.000000
3 	 -2.000000 	 5.000000
4 	 -2.000000 	 4.000000
5 	 -1.000000 	 8.000000
6 	 -2.000000 	 9.000000
7 	 -2.000000 	 12.000000
8 	 -2.000000 	 6.000000
9 	 -2.000000 	 8.000000
10 	 -1.000000 	 9.000000
11 	 -1.000000 	 7.000000
12 	 0.000000 	 39.000000
13 	 -1.000000 	 3.000000
14 	 -3.000000 	 0.000000
15 	 0.000000 	 4.000000
16 	 -1.000000 	 2.000000
17 	 1.000000 	 10.000000
18 	 1.000000 	 45.000000
19 	 -37.000000 	 41.000000
20 	 0.000000 	 4.000000
21 	 -1.000000 	 2.000000
22 	 -4.000000 	 12.000000
23 	 -1.000000 	 5.000000
24 	 -102.000000 	 15.000000
25 	 -3.000000 	 2.000000
26 	 -3.000000 	 1.000000
27 	 -1.000000 	 1.000000
28 	 0.000000 	 3.000000
29 	 -10.000000 	 30.000000
30 	 0.000000 	 8.000000
31 	 -1.000000 	 1.000000
32 	 0.000000 	 8.000000
33 	 -4.000000 	 11.000000
34 	 0.000000 	 4.000000
35 	 1.000000 	 16.000000
36 	 0.000000 	 23.000000
37 	 0.000000 	 15.000000
38 	 1.000000 	 27.000000
39 	 -2.000000 	 10.000000
40 	 0.000000 	 15.000000
41 	 0.000000 	 13.000000
42 	 0.000000 	 11.000000
43 	 1.000000 	 1.000000
44 	 -1.000000 	 7.000000
45 	 -1.000000 	 2.000000
46 	 -1.000000 	 1.000000
47 	 1.000000 	 1.000000
48 	 0.000000 	 9.000000
49 	 0.000000 	 10.000000
50 	 -2.000000 	 17.000000
51 	 -2.000000 	 10.000000
52 	 -1.000000 	 17.000000
53 	 -1.000000 	 11.000000
54 	 0.000000 	 10.000000
55 	 -1.000000 	 1.000000
56 	 -1.000000 	 2.000000
57 	 0.000000 	 2.000000
58 	 -3.000000 	 0.000000
59 	 -2.000000 	 0.000000
60 	 -1.000000 	 1.000000
61 	 -3.000000 	 0.000000
62 	 -2.000000 	 1.000000
63 	 -1.000000 	 2.000000
64 	 -1.000000 	 1.000000
65 	 -2.000000 	 1.000000
66 	 0.000000 	 1.000000
67 	 -2.000000 	 1.000000
68 	 -1.000000 	 2.000000
69 	 -2.000000 	 0.000000
70 	 -1.000000 	 1.000000
71 	 -2.000000 	 0.000000
72 	 -2.000000 	 1.000000
73 	 -3.000000 	 0.000000
74 	 -19.000000 	 1.000000
75 	 -1.000000 	 1.000000
76 	 -2.000000 	 1.000000
77 	 0.000000 	 2.000000
78 	 -3.000000 	 0.000000
79 	 -1.000000 	 2.000000
80 	 -1.000000 	 1.000000
81 	 1.000000 	 1.000000
82 	 -3.000000 	 0.000000
83 	 0.000000 	 2.000000
84 	 -2.000000 	 0.000000
85 	 -2.000000 	 0.000000
86 	 -3.000000 	 0.000000
87 	 0.000000 	 2.000000
88 	 -3.000000 	 0.000000
89 	 0.000000 	 1.000000
90 	 2.000000 	 2.000000
91 	 0.000000 	 0.000000
92 	 0.000000 	 1.000000
93 	 0.000000 	 0.000000
94 	 0.000000 	 0.000000
95 	 1.000000 	 1.000000
96 	 0.000000 	 2.000000
97 	 -1.000000 	 2.000000
98 	 -14.000000 	 1.000000
99 	 -2.000000 	 1.000000
100 	 0.000000 	 2.000000
101 	 -2.000000 	 1.000000
102 	 -1.000000 	 2.000000
103 	 -6.000000 	 0.000000
104 	 -1.000000 	 2.000000
105 	 -4.000000 	 2.000000
Period 40
0 	 -1.000000 	 1.000000
1 	 -2.000000 	 8.000000
2 	 -1.000000 	 10.000000
3 	 -1.000000 	 6.000000
4 	 -1.000000 	 5.000000
5 	 1.000000 	 10.000000
6 	 0.000000 	 11.000000
7 	 1.000000 	 15.000000
8 	 0.000000 	 8.000000
9 	 0.000000 	 10.000000
10 	 1.000000 	 11.000000
11 	 0.000000 	 8.000000
12 	 0.000000 	 39.000000
13 	 -1.000000 	 3.000000
14 	 -2.000000 	 1.000000
15 	 0.000000 	 4.000000
16 	 -2.000000 	 1.000000
17 	 -2.000000 	 7.000000
18 	 -9.000000 	 35.000000
19 	 -46.000000 	 32.000000
20 	 -2.000000 	 2.000000
21 	 -1.000000 	 2.000000
22 	 -7.000000 	 9.000000
23 	 0.000000 	 6.000000
24 	 -100.000000 	 17.000000
25 	 -3.000000 	 2.000000
26 	 -3.000000 	 1.000000
27 	 -1.000000 	 1.000000
28 	 0.000000 	 3.000000
29 	 -8.000000 	 32.000000
30 	 0.000000 	 8.000000
31 	 -1.000000 	 1.000000
32 	 1.000000 	 9.000000
33 	 -5.000000 	 10.000000
34 	 0.000000 	 4.000000
35 	 -1.000000 	 14.000000
36 	 -2.000000 	 21.000000
37 	 -1.000000 	 14.000000
38 	 -3.000000 	 23.000000
39 	 -3.000000 	 9.000000
40 	 -1.000000 	 14.000000
41 	 -1.000000 	 12.000000
42 	 0.000000 	 11.000000
43 	 0.000000 	 0.000000
44 	 -1.000000 	 7.000000
45 	 -1.000000 	 2.000000
46 	 -1.000000 	 1.000000
47 	 0.000000 	 0.000000
48 	 0.000000 	 9.000000
49 	 0.000000 	 10.000000
50 	 -2.000000 	 17.000000
51 	 -2.000000 	 10.000000
52 	 -1.000000 	 17.000000
53 	 -1.000000 	 11.000000
54 	 0.000000 	 10.000000
55 	 -1.000000 	 1.000000
56 	 -1.000000 	 2.000000
57 	 0.000000 	 2.000000
58 	 -3.000000 	 0.000000
59 	 0.000000 	 2.000000
60 	 0.000000 	 2.000000
61 	 -3.000000 	 0.000000
62 	 -3.000000 	 0.000000
63 	 -1.000000 	 2.000000
64 	 -1.000000 	 1.000000
65 	 -3.000000 	 0.000000
66 	 -1.000000 	 0.000000
67 	 -3.000000 	 0.000000
68 	 -3.000000 	 0.000000
69 	 0.000000 	 2.000000
70 	 0.000000 	 2.000000
71 	 -2.000000 	 0.000000
72 	 -1.000000 	 2.000000
73 	 -1.000000 	 2.000000
74 	 -18.000000 	 2.000000
75 	 -1.000000 	 1.000000
76 	 -2.000000 	 1.000000
77 	 -1.000000 	 1.000000
78 	 -2.000000 	 1.000000
79 	 -3.000000 	 0.000000
80 	 -1.000000 	 1.000000
81 	 1.000000 	 1.000000
82 	 -3.000000 	 0.000000
83 	 0.000000 	 2.000000
84 	 0.000000 	 2.000000
85 	 -1.000000 	 1.000000
86 	 -1.000000 	 2.000000
87 	 -1.000000 	 1.000000
88 	 -3.000000 	 0.000000
89 	 -1.000000 	 0.000000
90 	 2.000000 	 2.000000
91 	 0.000000 	 0.000000
92 	 1.000000 	 2.000000
93 	 2.000000 	 2.000000
94 	 1.000000 	 1.000000
95 	 2.000000 	 2.000000
96 	 0.000000 	 2.000000
97 	 -3.000000 	 0.000000
98 	 -14.000000 	 1.000000
99 	 -2.000000 	 1.000000
100 	 -2.000000 	 0.000000
101 	 -1.000000 	 2.000000
102 	 -1.000000 	 2.000000
103 	 -5.000000 	 1.000000
104 	 -3.000000 	 0.000000
105 	 -5.000000 	 1.000000
Scenario 2
Period 37
0 	 -1.000000 	 1.000000
1 	 -2.000000 	 8.000000
2 	 -5.000000 	 6.000000
3 	 -1.000000 	 6.000000
4 	 -3.000000 	 3.000000
5 	 -2.000000 	 7.000000
6 	 -3.000000 	 8.000000
7 	 -3.000000 	 11.000000
8 	 -1.000000 	 7.000000
9 	 -3.000000 	 7.000000
10 	 -2.000000 	 8.000000
11 	 -3.000000 	 5.000000
12 	 -7.000000 	 32.000000
13 	 -2.000000 	 2.000000
14 	 -1.000000 	 2.000000
15 	 -2.000000 	 2.000000
16 	 -1.000000 	 2.000000
17 	 -1.000000 	 8.000000
18 	 -1.000000 	 42.000000
19 	 -45.000000 	 33.000000
20 	 -1.000000 	 3.000000
21 	 -1.000000 	 2.000000
22 	 -5.000000 	 11.000000
23 	 -2.000000 	 4.000000
24 	 -108.000000 	 9.000000
25 	 -3.000000 	 2.000000
26 	 -3.000000 	 1.000000
27 	 -1.000000 	 1.000000
28 	 0.000000 	 3.000000
29 	 -14.000000 	 26.000000
30 	 -2.000000 	 6.000000
31 	 -1.000000 	 1.000000
32 	 -1.000000 	 7.000000
33 	 -6.000000 	 9.000000
34 	 0.000000 	 4.000000
35 	 -5.000000 	 10.000000
36 	 -8.000000 	 15.000000
37 	 -3.000000 	 12.000000
38 	 -1.000000 	 25.000000
39 	 -3.000000 	 9.000000
40 	 -5.000000 	 10.000000
41 	 -3.000000 	 10.000000
42 	 -2.000000 	 9.000000
43 	 1.000000 	 1.000000
44 	 -2.000000 	 6.000000
45 	 -1.000000 	 2.000000
46 	 -1.000000 	 1.000000
47 	 2.000000 	 2.000000
48 	 -1.000000 	 8.000000
49 	 -3.000000 	 7.000000
50 	 -3.000000 	 16.000000
51 	 -5.000000 	 7.000000
52 	 -3.000000 	 15.000000
53 	 -4.000000 	 8.000000
54 	 -1.000000 	 9.000000
55 	 -1.000000 	 1.000000
56 	 -1.000000 	 2.000000
57 	 0.000000 	 2.000000
58 	 -3.000000 	 0.000000
59 	 -2.000000 	 0.000000
60 	 0.000000 	 2.000000
61 	 -2.000000 	 1.000000
62 	 -1.000000 	 2.000000
63 	 -2.000000 	 1.000000
64 	 -1.000000 	 1.000000
65 	 -1.000000 	 2.000000
66 	 0.000000 	 1.000000
67 	 -1.000000 	 2.000000
68 	 -2.000000 	 1.000000
69 	 -1.000000 	 1.000000
70 	 -1.000000 	 1.000000
71 	 -2.000000 	 0.000000
72 	 -1.000000 	 2.000000
73 	 -1.000000 	 2.000000
74 	 -19.000000 	 1.000000
75 	 -2.000000 	 0.000000
76 	 -3.000000 	 0.000000
77 	 0.000000 	 2.000000
78 	 -1.000000 	 2.000000
79 	 -1.000000 	 2.000000
80 	 0.000000 	 2.000000
81 	 2.000000 	 2.000000
82 	 -3.000000 	 0.000000
83 	 0.000000 	 2.000000
84 	 0.000000 	 2.000000
85 	 0.000000 	 2.000000
86 	 -2.000000 	 1.000000
87 	 -1.000000 	 1.000000
88 	 -1.000000 	 2.000000
89 	 1.000000 	 2.000000
90 	 0.000000 	 0.000000
91 	 2.000000 	 2.000000
92 	 1.000000 	 2.000000
93 	 0.000000 	 0.000000
94 	 2.000000 	 2.000000
95 	 0.000000 	 0.000000
96 	 -1.000000 	 1.000000
97 	 -3.000000 	 0.000000
98 	 -14.000000 	 1.000000
99 	 -3.000000 	 0.000000
100 	 0.000000 	 2.000000
101 	 -1.000000 	 2.000000
102 	 -3.000000 	 0.000000
103 	 -4.000000 	 2.000000
104 	 -2.000000 	 1.000000
105 	 -4.000000 	 2.000000
Period 38
0 	 -1.000000 	 1.000000
1 	 -3.000000 	 7.000000
2 	 -6.000000 	 5.000000
3 	 -2.000000 	 5.000000
4 	 -4.000000 	 2.000000
5 	 -2.000000 	 7.000000
6 	 -3.000000 	 8.000000
7 	 -4.000000 	 10.000000
8 	 -2.000000 	 6.000000
9 	 -3.000000 	 7.000000
10 	 -2.000000 	 8.000000
11 	 -3.000000 	 5.000000
12 	 -6.000000 	 33.000000
13 	 -2.000000 	 2.000000
14 	 -1.000000 	 2.000000
15 	 -1.000000 	 3.000000
16 	 -1.000000 	 2.000000
17 	 -1.000000 	 8.000000
18 	 -1.000000 	 43.000000
19 	 -44.000000 	 34.000000
20 	 -1.000000 	 3.000000
21 	 -1.000000 	 2.000000
22 	 -5.000000 	 11.000000
23 	 -2.000000 	 4.000000
24 	 -106.000000 	 11.000000
25 	 -3.000000 	 2.000000
26 	 -3.000000 	 1.000000
27 	 -1.000000 	 1.000000
28 	 0.000000 	 3.000000
29 	 -13.000000 	 27.000000
30 	 -2.000000 	 6.000000
31 	 -1.000000 	 1.000000
32 	 -1.000000 	 7.000000
33 	 -6.000000 	 9.000000
34 	 0.000000 	 4.000000
35 	 -4.000000 	 11.000000
36 	 -6.000000 	 17.000000
37 	 -3.000000 	 12.000000
38 	 1.000000 	 27.000000
39 	 -3.000000 	 9.000000
40 	 -4.000000 	 11.000000
41 	 -2.000000 	 11.000000
42 	 -1.000000 	 10.000000
43 	 2.000000 	 2.000000
44 	 -1.000000 	 7.000000
45 	 -1.000000 	 2.000000
46 	 -1.000000 	 1.000000
47 	 1.000000 	 1.000000
48 	 -1.000000 	 8.000000
49 	 -2.000000 	 8.000000
50 	 -3.000000 	 16.000000
51 	 -4.000000 	 8.000000
52 	 -3.000000 	 15.000000
53 	 -3.000000 	 9.000000
54 	 0.000000 	 10.000000
55 	 -1.000000 	 1.000000
56 	 -1.000000 	 2.000000
57 	 0.000000 	 2.000000
58 	 -3.000000 	 0.000000
59 	 -1.000000 	 1.000000
60 	 -2.000000 	 0.000000
61 	 -3.000000 	 0.000000
62 	 -3.000000 	 0.000000
63 	 -1.000000 	 2.000000
64 	 0.000000 	 2.000000
65 	 -1.000000 	 2.000000
66 	 1.000000 	 2.000000
67 	 -3.000000 	 0.000000
68 	 -2.000000 	 1.000000
69 	 -2.000000 	 0.000000
70 	 0.000000 	 2.000000
71 	 -1.000000 	 1.000000
72 	 -2.000000 	 1.000000
73 	 -1.000000 	 2.000000
74 	 -19.000000 	 1.000000
75 	 0.000000 	 2.000000
76 	 -2.000000 	 1.000000
77 	 -1.000000 	 1.000000
78 	 -2.000000 	 1.000000
79 	 -1.000000 	 2.000000
80 	 0.000000 	 2.000000
81 	 1.000000 	 1.000000
82 	 -2.000000 	 1.000000
83 	 -2.000000 	 0.000000
84 	 -2.000000 	 0.000000
85 	 0.000000 	 2.000000
86 	 -2.000000 	 1.000000
87 	 0.000000 	 2.000000
88 	 -3.000000 	 0.000000
89 	 -1.000000 	 0.000000
90 	 1.000000 	 1.000000
91 	 1.000000 	 1.000000
92 	 1.000000 	 2.000000
93 	 0.000000 	 0.000000
94 	 0.000000 	 0.000000
95 	 1.000000 	 1.000000
96 	 -1.000000 	 1.000000
97 	 -1.000000 	 2.000000
98 	 -15.000000 	 0.000000
99 	 -3.000000 	 0.000000
100 	 0.000000 	 2.000000
101 	 -2.000000 	 1.000000
102 	 -1.000000 	 2.000000
103 	 -6.000000 	 0.000000
104 	 -3.000000 	 0.000000
105 	 -4.000000 	 2.000000
Period 39
0 	 -1.000000 	 1.000000
1 	 -3.000000 	 7.000000
2 	 -6.000000 	 5.000000
3 	 -2.000000 	 5.000000
4 	 -4.000000 	 2.000000
5 	 -2.000000 	 7.000000
6 	 -3.000000 	 8.000000
7 	 -4.000000 	 10.000000
8 	 -2.000000 	 6.000000
9 	 -3.000000 	 7.000000
10 	 -2.000000 	 8.000000
11 	 -3.000000 	 5.000000
12 	 -6.000000 	 33.000000
13 	 -2.000000 	 2.000000
14 	 -2.000000 	 1.000000
15 	 -1.000000 	 3.000000
16 	 -3.000000 	 0.000000
17 	 -1.000000 	 8.000000
18 	 -1.000000 	 43.000000
19 	 -44.000000 	 34.000000
20 	 -1.000000 	 3.000000
21 	 -1.000000 	 2.000000
22 	 -5.000000 	 11.000000
23 	 -2.000000 	 4.000000
24 	 -107.000000 	 10.000000
25 	 -3.000000 	 2.000000
26 	 -3.000000 	 1.000000
27 	 -1.000000 	 1.000000
28 	 0.000000 	 3.000000
29 	 -14.000000 	 26.000000
30 	 -2.000000 	 6.000000
31 	 -1.000000 	 1.000000
32 	 -1.000000 	 7.000000
33 	 -6.000000 	 9.000000
34 	 0.000000 	 4.000000
35 	 -5.000000 	 10.000000
36 	 -7.000000 	 16.000000
37 	 -3.000000 	 12.000000
38 	 0.000000 	 26.000000
39 	 -3.000000 	 9.000000
40 	 -5.000000 	 10.000000
41 	 -2.000000 	 11.000000
42 	 -1.000000 	 10.000000
43 	 1.000000 	 1.000000
44 	 -2.000000 	 6.000000
45 	 -1.000000 	 2.000000
46 	 -1.000000 	 1.000000
47 	 2.000000 	 2.000000
48 	 -1.000000 	 8.000000
49 	 -2.000000 	 8.000000
50 	 -3.000000 	 16.000000
51 	 -4.000000 	 8.000000
52 	 -3.000000 	 15.000000
53 	 -3.000000 	 9.000000
54 	 0.000000 	 10.000000
55 	 -1.000000 	 1.000000
56 	 -1.000000 	 2.000000
57 	 -1.000000 	 1.000000
58 	 -2.000000 	 1.000000
59 	 -2.000000 	 0.000000
60 	 -1.000000 	 1.000000
61 	 -3.000000 	 0.000000
62 	 -1.000000 	 2.000000
63 	 -1.000000 	 2.000000
64 	 -2.000000 	 0.000000
65 	 -3.000000 	 0.000000
66 	 0.000000 	 1.000000
67 	 -1.000000 	 2.000000
68 	 -1.000000 	 2.000000
69 	 -1.000000 	 1.000000
70 	 -2.000000 	 0.000000
71 	 -1.000000 	 1.000000
72 	 -3.000000 	 0.000000
73 	 -1.000000 	 2.000000
74 	 -18.000000 	 2.000000
75 	 -1.000000 	 1.000000
76 	 -3.000000 	 0.000000
77 	 -2.000000 	 0.000000
78 	 -3.000000 	 0.000000
79 	 -2.000000 	 1.000000
80 	 -1.000000 	 1.000000
81 	 2.000000 	 2.000000
82 	 -1.000000 	 2.000000
83 	 -2.000000 	 0.000000
84 	 -2.000000 	 0.000000
85 	 -2.000000 	 0.000000
86 	 -3.000000 	 0.000000
87 	 0.000000 	 2.000000
88 	 -1.000000 	 2.000000
89 	 0.000000 	 1.000000
90 	 1.000000 	 1.000000
91 	 1.000000 	 1.000000
92 	 1.000000 	 2.000000
93 	 0.000000 	 0.000000
94 	 2.000000 	 2.000000
95 	 0.000000 	 0.000000
96 	 -2.000000 	 0.000000
97 	 -1.000000 	 2.000000
98 	 -15.000000 	 0.000000
99 	 -1.000000 	 2.000000
100 	 -2.000000 	 0.000000
101 	 -1.000000 	 2.000000
102 	 -2.000000 	 1.000000
103 	 -4.000000 	 2.000000
104 	 -3.000000 	 0.000000
105 	 -6.000000 	 0.000000
Period 40
0 	 -1.000000 	 1.000000
1 	 -2.000000 	 8.000000
2 	 -5.000000 	 6.000000
3 	 -1.000000 	 6.000000
4 	 -3.000000 	 3.000000
5 	 -1.000000 	 8.000000
6 	 -1.000000 	 10.000000
7 	 -1.000000 	 13.000000
8 	 0.000000 	 8.000000
9 	 -1.000000 	 9.000000
10 	 -1.000000 	 9.000000
11 	 -2.000000 	 6.000000
12 	 -6.000000 	 33.000000
13 	 -2.000000 	 2.000000
14 	 -2.000000 	 1.000000
15 	 -1.000000 	 3.000000
16 	 -2.000000 	 1.000000
17 	 -3.000000 	 6.000000
18 	 -11.000000 	 33.000000
19 	 -52.000000 	 26.000000
20 	 -2.000000 	 2.000000
21 	 -1.000000 	 2.000000
22 	 -7.000000 	 9.000000
23 	 -1.000000 	 5.000000
24 	 -106.000000 	 11.000000
25 	 -3.000000 	 2.000000
26 	 -3.000000 	 1.000000
27 	 -1.000000 	 1.000000
28 	 0.000000 	 3.000000
29 	 -12.000000 	 28.000000
30 	 -2.000000 	 6.000000
31 	 -1.000000 	 1.000000
32 	 0.000000 	 8.000000
33 	 -7.000000 	 8.000000
34 	 0.000000 	 4.000000
35 	 -5.000000 	 10.000000
36 	 -8.000000 	 15.000000
37 	 -4.000000 	 11.000000
38 	 -3.000000 	 23.000000
39 	 -4.000000 	 8.000000
40 	 -6.000000 	 9.000000
41 	 -3.000000 	 10.000000
42 	 -1.000000 	 10.000000
43 	 0.000000 	 0.000000
44 	 -2.000000 	 6.000000
45 	 -1.000000 	 2.000000
46 	 -1.000000 	 1.000000
47 	 2.000000 	 2.000000
48 	 -1.000000 	 8.000000
49 	 -2.000000 	 8.000000
50 	 -3.000000 	 16.000000
51 	 -4.000000 	 8.000000
52 	 -3.000000 	 15.000000
53 	 -3.000000 	 9.000000
54 	 0.000000 	 10.000000
55 	 -1.000000 	 1.000000
56 	 -3.000000 	 0.000000
57 	 0.000000 	 2.000000
58 	 -3.000000 	 0.000000
59 	 -1.000000 	 1.000000
60 	 -1.000000 	 1.000000
61 	 -3.000000 	 0.000000
62 	 -2.000000 	 1.000000
63 	 -2.000000 	 1.000000
64 	 -2.000000 	 0.000000
65 	 -2.000000 	 1.000000
66 	 0.000000 	 1.000000
67 	 -1.000000 	 2.000000
68 	 -2.000000 	 1.000000
69 	 -1.000000 	 1.000000
70 	 -1.000000 	 1.000000
71 	 -2.000000 	 0.000000
72 	 -2.000000 	 1.000000
73 	 -3.000000 	 0.000000
74 	 -18.000000 	 2.000000
75 	 -1.000000 	 1.000000
76 	 -2.000000 	 1.000000
77 	 -1.000000 	 1.000000
78 	 -1.000000 	 2.000000
79 	 -3.000000 	 0.000000
80 	 0.000000 	 2.000000
81 	 2.000000 	 2.000000
82 	 -1.000000 	 2.000000
83 	 -1.000000 	 1.000000
84 	 0.000000 	 2.000000
85 	 -2.000000 	 0.000000
86 	 -3.000000 	 0.000000
87 	 -2.000000 	 0.000000
88 	 -1.000000 	 2.000000
89 	 0.000000 	 1.000000
90 	 1.000000 	 1.000000
91 	 2.000000 	 2.000000
92 	 1.000000 	 2.000000
93 	 1.000000 	 1.000000
94 	 1.000000 	 1.000000
95 	 2.000000 	 2.000000
96 	 -1.000000 	 1.000000
97 	 -3.000000 	 0.000000
98 	 -13.000000 	 2.000000
99 	 -1.000000 	 2.000000
100 	 0.000000 	 2.000000
101 	 -2.000000 	 1.000000
102 	 -3.000000 	 0.000000
103 	 -5.000000 	 1.000000
104 	 -2.000000 	 1.000000
105 	 -4.000000 	 2.000000
