3.000000
10.000000
9.000000
6.000000
8.000000
7.000000
8.000000
11.000000
6.000000
7.000000
8.000000
10.000000
55.000000
5.000000
2.000000
5.000000
2.000000
10.000000
37.000000
29.000000
4.000000
2.000000
9.000000
6.000000
18.000000
4.000000
4.000000
4.000000
3.000000
31.000000
29.000000
4.000000
8.000000
6.000000
4.000000
9.000000
17.000000
8.000000
18.000000
6.000000
9.000000
8.000000
16.000000
0.000000
8.000000
3.000000
2.000000
0.000000
9.000000
9.000000
16.000000
10.000000
16.000000
10.000000
9.000000
2.000000
3.000000
4.000000
3.000000
4.000000
2.000000
4.000000
3.000000
3.000000
8.000000
3.000000
3.000000
10.000000
4.000000
2.000000
3.000000
4.000000
10.000000
7.000000
1.000000
3.000000
2.000000
6.000000
3.000000
4.000000
2.000000
0.000000
3.000000
2.000000
2.000000
3.000000
3.000000
11.000000
3.000000
3.000000
0.000000
0.000000
3.000000
0.000000
0.000000
0.000000
3.000000
6.000000
4.000000
4.000000
10.000000
6.000000
4.000000
2.000000
3.000000
2.000000
