72.000000
6.000000
3.000000
1.000000
1.000000
9.000000
2.000000
3.000000
7.000000
3.000000
3.000000
2.000000
3.000000
3.000000
2.000000
4.000000
2.000000
1.000000
3.000000
2.000000
2.000000
2.000000
24.000000
4.000000
4.000000
38.000000
16.000000
3.000000
3.000000
3.000000
3.000000
3.000000
15.000000
5.000000
2.000000
3.000000
4.000000
3.000000
3.000000
8.000000
2.000000
3.000000
14.000000
4.000000
2.000000
21.000000
3.000000
2.000000
6.000000
7.000000
2.000000
3.000000
9.000000
24.000000
3.000000
3.000000
14.000000
69.000000
6.000000
2.000000
42.000000
3.000000
18.000000
2.000000
24.000000
2.000000
2.000000
0.000000
2.000000
4.000000
2.000000
12.000000
2.000000
15.000000
3.000000
3.000000
0.000000
0.000000
2.000000
0.000000
0.000000
0.000000
4.000000
7.000000
3.000000
0.000000
24.000000
6.000000
3.000000
0.000000
7.000000
8.000000
15.000000
4.000000
3.000000
3.000000
3.000000
5.000000
4.000000
4.000000
5.000000
2.000000
3.000000
3.000000
2.000000
2.000000
