105.000000
2.000000
4.000000
3.000000
2.000000
3.000000
4.000000
20.000000
3.000000
5.000000
3.000000
4.000000
45.000000
6.000000
3.000000
6.000000
6.000000
2.000000
3.000000
3.000000
3.000000
2.000000
3.000000
3.000000
2.000000
7.000000
4.000000
3.000000
3.000000
5.000000
3.000000
4.000000
5.000000
3.000000
22.000000
3.000000
84.000000
3.000000
3.000000
3.000000
2.000000
30.000000
18.000000
2.000000
2.000000
2.000000
3.000000
6.000000
3.000000
9.000000
3.000000
1.000000
3.000000
4.000000
2.000000
3.000000
2.000000
7.000000
2.000000
2.000000
5.000000
13.000000
3.000000
2.000000
7.000000
3.000000
3.000000
0.000000
3.000000
3.000000
2.000000
3.000000
2.000000
6.000000
15.000000
2.000000
0.000000
0.000000
2.000000
0.000000
0.000000
0.000000
2.000000
4.000000
36.000000
0.000000
6.000000
6.000000
2.000000
0.000000
6.000000
11.000000
33.000000
3.000000
6.000000
3.000000
3.000000
3.000000
5.000000
7.000000
5.000000
2.000000
5.000000
4.000000
3.000000
2.000000
