4.000000
3.000000
45.000000
3.000000
2.000000
4.000000
3.000000
5.000000
2.000000
5.000000
32.000000
19.000000
48.000000
2.000000
3.000000
3.000000
2.000000
2.000000
2.000000
4.000000
2.000000
2.000000
3.000000
4.000000
2.000000
15.000000
6.000000
3.000000
2.000000
3.000000
2.000000
4.000000
2.000000
2.000000
22.000000
5.000000
22.000000
2.000000
2.000000
6.000000
3.000000
1.000000
5.000000
2.000000
2.000000
21.000000
2.000000
2.000000
2.000000
111.000000
2.000000
2.000000
4.000000
2.000000
2.000000
2.000000
7.000000
7.000000
2.000000
8.000000
11.000000
12.000000
5.000000
8.000000
6.000000
1.000000
3.000000
0.000000
2.000000
2.000000
2.000000
3.000000
2.000000
21.000000
2.000000
2.000000
0.000000
0.000000
2.000000
0.000000
0.000000
0.000000
4.000000
18.000000
4.000000
0.000000
15.000000
2.000000
1.000000
0.000000
22.000000
8.000000
10.000000
8.000000
39.000000
4.000000
2.000000
2.000000
2.000000
3.000000
4.000000
2.000000
2.000000
3.000000
2.000000
3.000000
