76.000000
6.000000
3.000000
2.000000
3.000000
2.000000
2.000000
22.000000
3.000000
62.000000
7.000000
3.000000
5.000000
3.000000
2.000000
4.000000
2.000000
3.000000
2.000000
2.000000
2.000000
3.000000
1.000000
3.000000
3.000000
75.000000
7.000000
3.000000
3.000000
2.000000
3.000000
2.000000
4.000000
2.000000
34.000000
16.000000
15.000000
6.000000
2.000000
6.000000
3.000000
2.000000
85.000000
5.000000
2.000000
2.000000
2.000000
2.000000
3.000000
29.000000
1.000000
2.000000
4.000000
2.000000
3.000000
2.000000
13.000000
7.000000
2.000000
4.000000
8.000000
15.000000
3.000000
4.000000
4.000000
2.000000
9.000000
0.000000
4.000000
2.000000
2.000000
2.000000
2.000000
4.000000
4.000000
2.000000
0.000000
0.000000
3.000000
0.000000
0.000000
0.000000
2.000000
4.000000
4.000000
0.000000
2.000000
3.000000
2.000000
0.000000
3.000000
5.000000
3.000000
24.000000
4.000000
3.000000
2.000000
2.000000
4.000000
2.000000
2.000000
5.000000
2.000000
1.000000
2.000000
5.000000
