33.000000
6.000000
3.000000
2.000000
1.000000
3.000000
2.000000
7.000000
2.000000
6.000000
23.000000
6.000000
10.000000
6.000000
6.000000
4.000000
3.000000
3.000000
2.000000
5.000000
2.000000
3.000000
1.000000
3.000000
3.000000
77.000000
28.000000
8.000000
3.000000
2.000000
3.000000
2.000000
15.000000
3.000000
64.000000
2.000000
5.000000
3.000000
2.000000
22.000000
4.000000
2.000000
40.000000
1.000000
3.000000
2.000000
2.000000
3.000000
6.000000
29.000000
2.000000
2.000000
9.000000
2.000000
2.000000
6.000000
50.000000
25.000000
3.000000
2.000000
4.000000
4.000000
5.000000
2.000000
2.000000
2.000000
4.000000
0.000000
9.000000
2.000000
2.000000
3.000000
2.000000
5.000000
14.000000
2.000000
0.000000
0.000000
2.000000
0.000000
0.000000
0.000000
3.000000
26.000000
2.000000
0.000000
2.000000
6.000000
2.000000
0.000000
4.000000
3.000000
4.000000
2.000000
2.000000
2.000000
2.000000
6.000000
9.000000
2.000000
2.000000
6.000000
2.000000
2.000000
2.000000
3.000000
