19.000000
6.000000
2.000000
2.000000
2.000000
3.000000
2.000000
24.000000
3.000000
3.000000
2.000000
3.000000
5.000000
2.000000
1.000000
8.000000
5.000000
2.000000
2.000000
2.000000
3.000000
2.000000
4.000000
2.000000
2.000000
103.000000
2.000000
3.000000
3.000000
2.000000
2.000000
3.000000
4.000000
2.000000
10.000000
2.000000
3.000000
6.000000
2.000000
3.000000
2.000000
3.000000
69.000000
2.000000
5.000000
3.000000
3.000000
2.000000
6.000000
73.000000
2.000000
3.000000
9.000000
4.000000
3.000000
4.000000
82.000000
8.000000
2.000000
2.000000
2.000000
7.000000
5.000000
3.000000
2.000000
3.000000
2.000000
0.000000
3.000000
4.000000
5.000000
2.000000
2.000000
3.000000
15.000000
4.000000
0.000000
0.000000
3.000000
0.000000
0.000000
0.000000
2.000000
16.000000
2.000000
0.000000
2.000000
3.000000
3.000000
0.000000
2.000000
43.000000
2.000000
4.000000
2.000000
9.000000
3.000000
5.000000
2.000000
2.000000
2.000000
6.000000
2.000000
3.000000
3.000000
6.000000
