4.000000
3.000000
6.000000
3.000000
3.000000
3.000000
3.000000
3.000000
6.000000
10.000000
2.000000
2.000000
48.000000
3.000000
2.000000
4.000000
2.000000
1.000000
3.000000
2.000000
2.000000
2.000000
6.000000
4.000000
2.000000
11.000000
2.000000
2.000000
2.000000
2.000000
2.000000
3.000000
2.000000
2.000000
19.000000
7.000000
21.000000
2.000000
2.000000
7.000000
2.000000
1.000000
66.000000
2.000000
3.000000
6.000000
2.000000
2.000000
2.000000
139.000000
2.000000
3.000000
2.000000
6.000000
2.000000
2.000000
5.000000
6.000000
3.000000
10.000000
49.000000
12.000000
5.000000
7.000000
6.000000
2.000000
2.000000
0.000000
9.000000
3.000000
2.000000
3.000000
1.000000
2.000000
1.000000
2.000000
0.000000
0.000000
2.000000
0.000000
0.000000
0.000000
2.000000
55.000000
22.000000
0.000000
4.000000
2.000000
2.000000
0.000000
4.000000
7.000000
5.000000
7.000000
6.000000
4.000000
2.000000
2.000000
2.000000
9.000000
2.000000
2.000000
1.000000
4.000000
2.000000
2.000000
