4.000000
2.000000
4.000000
4.000000
3.000000
2.000000
6.000000
4.000000
3.000000
6.000000
4.000000
5.000000
3.000000
6.000000
2.000000
4.000000
6.000000
3.000000
3.000000
9.000000
2.000000
5.000000
3.000000
3.000000
4.000000
36.000000
3.000000
3.000000
2.000000
3.000000
1.000000
3.000000
2.000000
5.000000
6.000000
4.000000
8.000000
2.000000
3.000000
6.000000
2.000000
4.000000
44.000000
4.000000
2.000000
3.000000
1.000000
2.000000
2.000000
27.000000
1.000000
3.000000
9.000000
1.000000
3.000000
4.000000
29.000000
150.000000
2.000000
3.000000
5.000000
4.000000
6.000000
3.000000
14.000000
2.000000
2.000000
0.000000
3.000000
3.000000
2.000000
2.000000
3.000000
16.000000
3.000000
8.000000
0.000000
0.000000
2.000000
0.000000
0.000000
0.000000
3.000000
19.000000
4.000000
0.000000
19.000000
3.000000
3.000000
0.000000
27.000000
6.000000
4.000000
9.000000
4.000000
4.000000
2.000000
17.000000
11.000000
9.000000
15.000000
4.000000
3.000000
3.000000
3.000000
4.000000
