11.000000
2.000000
9.000000
7.000000
6.000000
3.000000
2.000000
15.000000
18.000000
14.000000
7.000000
9.000000
10.000000
2.000000
2.000000
2.000000
1.000000
2.000000
2.000000
2.000000
2.000000
2.000000
2.000000
2.000000
1.000000
37.000000
8.000000
3.000000
1.000000
4.000000
3.000000
4.000000
2.000000
2.000000
39.000000
10.000000
41.000000
4.000000
2.000000
12.000000
3.000000
2.000000
17.000000
6.000000
2.000000
13.000000
2.000000
2.000000
2.000000
31.000000
2.000000
2.000000
3.000000
8.000000
2.000000
8.000000
170.000000
25.000000
10.000000
14.000000
25.000000
26.000000
8.000000
18.000000
13.000000
2.000000
2.000000
0.000000
4.000000
3.000000
2.000000
2.000000
2.000000
2.000000
2.000000
3.000000
0.000000
0.000000
2.000000
0.000000
0.000000
0.000000
1.000000
10.000000
12.000000
0.000000
8.000000
2.000000
2.000000
0.000000
8.000000
18.000000
10.000000
38.000000
12.000000
10.000000
2.000000
3.000000
2.000000
2.000000
2.000000
2.000000
2.000000
10.000000
1.000000
3.000000
