6.000000
2.000000
2.000000
2.000000
2.000000
3.000000
2.000000
7.000000
40.000000
2.000000
3.000000
3.000000
2.000000
2.000000
2.000000
11.000000
3.000000
3.000000
3.000000
3.000000
3.000000
4.000000
5.000000
2.000000
2.000000
83.000000
2.000000
11.000000
3.000000
5.000000
3.000000
3.000000
3.000000
2.000000
3.000000
5.000000
3.000000
3.000000
2.000000
3.000000
3.000000
6.000000
78.000000
1.000000
3.000000
2.000000
3.000000
2.000000
3.000000
26.000000
3.000000
3.000000
2.000000
2.000000
3.000000
3.000000
48.000000
18.000000
6.000000
2.000000
2.000000
3.000000
3.000000
3.000000
2.000000
11.000000
2.000000
0.000000
3.000000
15.000000
2.000000
2.000000
2.000000
21.000000
5.000000
3.000000
0.000000
0.000000
3.000000
0.000000
0.000000
0.000000
2.000000
7.000000
37.000000
0.000000
2.000000
2.000000
2.000000
0.000000
2.000000
43.000000
2.000000
4.000000
37.000000
9.000000
3.000000
6.000000
3.000000
2.000000
4.000000
6.000000
2.000000
3.000000
3.000000
4.000000
